1.000000000000000000e+00 1.000000000000000021e-03
9.967599999999999794e-01 1.451215070413443362e-03
9.872300000000000519e-01 2.940769007624722663e-03
9.719100000000000517e-01 5.603810209665401228e-03
9.513099999999999890e-01 9.308114418710339982e-03
9.257600000000000273e-01 1.379944274367086131e-02
8.955300000000000482e-01 1.899044288049157522e-02
8.610400000000000276e-01 2.489014168288015971e-02
8.228600000000000358e-01 3.141295517550537347e-02
7.816100000000000270e-01 3.835887068724228716e-02
7.378700000000000259e-01 4.544483636823027500e-02
6.921399999999999775e-01 5.229645402923563391e-02
6.448099999999999943e-01 5.869927018467550883e-02
5.963399999999999812e-01 6.441953773977007747e-02
5.471099999999999852e-01 6.930439209651881316e-02
4.975800000000000223e-01 7.328186967552050013e-02
4.481999999999999873e-01 7.627072987194390141e-02
3.994400000000000173e-01 7.823025885942218316e-02
3.517799999999999816e-01 7.915008249740752844e-02
3.057199999999999918e-01 7.900002332999567223e-02
2.617300000000000182e-01 7.776000576343694570e-02
2.202600000000000113e-01 7.537000122017105397e-02
1.816500000000000059e-01 7.181000021533698319e-02
1.461899999999999866e-01 6.711000003049713558e-02
1.141699999999999937e-01 6.135000000329585840e-02
8.583000000000000351e-02 5.460000000025278660e-02
6.135000000000000175e-02 4.701000000001231277e-02
4.086999999999999661e-02 3.873000000000031973e-02
2.450000000000000094e-02 3.000000000000000236e-02
1.234000000000000027e-02 2.104999999999999927e-02
4.400000000000000265e-03 1.210999999999999924e-02
4.800000000000000122e-04 3.599999999999999901e-03
5.100000000000000366e-04 -3.330000000000000061e-03
6.020000000000000177e-03 -8.309999999999999679e-03
1.778000000000000067e-02 -1.222999999999999955e-02
3.506999999999999701e-02 -1.544000000000008040e-02
5.763000000000000067e-02 -1.796000000000701202e-02
8.522000000000000408e-02 -1.976000000023706710e-02
1.176100000000000062e-01 -2.087000000430524679e-02
1.544899999999999884e-01 -2.145000005013065342e-02
1.953699999999999881e-01 -2.159000041468744913e-02
2.397600000000000009e-01 -2.136000261812615736e-02
2.871099999999999763e-01 -2.078001325668303589e-02
3.368399999999999728e-01 -1.988005582296861057e-02
3.883499999999999730e-01 -1.869020091380814777e-02
4.410200000000000231e-01 -1.717063113834147933e-02
4.942400000000000126e-01 -1.527175970966201078e-02
5.474999999999999867e-01 -1.294442035461875438e-02
6.002699999999999703e-01 -1.021011858421239614e-02
6.519899999999999585e-01 -6.991289644645379969e-03
7.025000000000000133e-01 -3.151669372186993202e-03
7.518599999999999728e-01 7.332227021310717702e-04
7.993200000000000305e-01 3.686805553531097290e-03
8.436599999999999655e-01 5.283475458512245683e-03
8.837300000000000155e-01 5.571241958764554074e-03
9.186299999999999466e-01 4.804129063293660976e-03
9.476999999999999869e-01 3.403351150411146851e-03
9.705200000000000493e-01 1.806093147348853756e-03
9.868799999999999795e-01 3.620691826241729649e-04
9.967200000000000504e-01 -6.408643527815420385e-04
1.000000000000000000e+00 -1.000000000000000021e-03
