1.000000000000000000e+00 1.000000000000000021e-03
9.965199999999999614e-01 1.539112452703097697e-03
9.863399999999999945e-01 3.303567662017741716e-03
9.700400000000000134e-01 6.470513252808253284e-03
9.481800000000000228e-01 1.097946548608600033e-02
9.212700000000000333e-01 1.662805995058301914e-02
8.896699999999999608e-01 2.323918896937803708e-02
8.538099999999999579e-01 3.073112993740267224e-02
8.142700000000000493e-01 3.900736781328817404e-02
7.716600000000000126e-01 4.787701388520453072e-02
7.266200000000000436e-01 5.707646328319598839e-02
6.797299999999999454e-01 6.629097618590394647e-02
6.315399999999999903e-01 7.518598114032754021e-02
5.825399999999999467e-01 8.347772559190329289e-02
5.332200000000000273e-01 9.089348463965825353e-02
4.840200000000000058e-01 9.723145804109889490e-02
4.354000000000000092e-01 1.022905623359158384e-01
3.877900000000000236e-01 1.059201983213412940e-01
3.415900000000000047e-01 1.080100633207914662e-01
2.972000000000000197e-01 1.084600180900282818e-01
2.549600000000000199e-01 1.072200045524842743e-01
2.152100000000000124e-01 1.042800009902891678e-01
1.782499999999999918e-01 9.965000018166274287e-02
1.443200000000000038e-01 9.340000002716054850e-02
1.136299999999999949e-01 8.562000000315818371e-02
8.637000000000000233e-02 7.647000000026746291e-02
6.268999999999999573e-02 6.616000000001495684e-02
4.272000000000000103e-02 5.491000000000047232e-02
2.649999999999999925e-02 4.300000000000000350e-02
1.409999999999999969e-02 3.081000000000000058e-02
5.619999999999999996e-03 1.871000000000000094e-02
1.030000000000000100e-03 7.110000000000000001e-03
2.700000000000000035e-04 -3.269999999999999903e-03
4.250000000000000305e-03 -1.115000000000000019e-02
1.413999999999999979e-02 -1.701000000000000081e-02
2.990999999999999909e-02 -2.205000000000002097e-02
5.099000000000000060e-02 -2.623000000000233131e-02
7.710000000000000187e-02 -2.948000000009626947e-02
1.079800000000000065e-01 -3.179000000199567327e-02
1.432799999999999907e-01 -3.319000002544896660e-02
1.826500000000000068e-01 -3.367000022624400818e-02
2.257000000000000117e-01 -3.327000151979157133e-02
2.719900000000000095e-01 -3.206000814660075332e-02
3.210500000000000020e-01 -3.010003623715288082e-02
3.723799999999999888e-01 -2.747013768198806535e-02
4.254700000000000149e-01 -2.426045689929670277e-02
4.797899999999999943e-01 -2.064134728888738016e-02
5.347699999999999676e-01 -1.680357687137026129e-02
5.897499999999999964e-01 -1.295863001490952550e-02
6.440299999999999914e-01 -9.289061403815919438e-03
6.969199999999999839e-01 -5.968783442161654587e-03
7.476800000000000113e-01 -3.143020007483415205e-03
7.955699999999999994e-01 -9.176749164384301848e-04
8.398999999999999799e-01 6.620072335680467863e-04
8.799799999999999844e-01 1.573586346500982502e-03
9.151799999999999935e-01 1.849641166265587411e-03
9.449100000000000277e-01 1.559498624618936092e-03
9.686399999999999455e-01 8.793083356783774332e-04
9.859299999999999731e-01 3.973236523242427900e-05
9.964600000000000124e-01 -6.985874309207084840e-04
1.000010000000000066e+00 -1.000000000000000021e-03
