1.000000000000000000e+00 1.000000000000000021e-03
9.964699999999999669e-01 1.338674916989558922e-03
9.860400000000000276e-01 2.521151930788918718e-03
9.691600000000000215e-01 4.884326441496778838e-03
9.463500000000000245e-01 8.588787992731524226e-03
9.182500000000000107e-01 1.367413939642636925e-02
8.854800000000000448e-01 2.003466385356547294e-02
8.487000000000000099e-01 2.747844824160753860e-02
8.085200000000000164e-01 3.574764437506474518e-02
7.655300000000000438e-01 4.453029421622958783e-02
7.202800000000000313e-01 5.351218097661764039e-02
6.733200000000000296e-01 6.238844419404789010e-02
6.251600000000000490e-01 7.085458547719383771e-02
5.762800000000000145e-01 7.865700974028666526e-02
5.271700000000000275e-01 8.554314453323018375e-02
4.783100000000000129e-01 9.130131034346357366e-02
4.301599999999999868e-01 9.571050427822003215e-02
3.830999999999999961e-01 9.857017774990113612e-02
3.374699999999999922e-01 9.978005676969270432e-02
2.936099999999999821e-01 9.929001621577043801e-02
2.518599999999999728e-01 9.709000407786450015e-02
2.125400000000000067e-01 9.321000088504649561e-02
1.758899999999999908e-01 8.769000016112775409e-02
1.421600000000000086e-01 8.064000002371356224e-02
1.115300000000000041e-01 7.224000000267008503e-02
8.419000000000000095e-02 6.274000000021250079e-02
6.033000000000000168e-02 5.240000000001059088e-02
4.012000000000000288e-02 4.159000000000027258e-02
2.380000000000000171e-02 3.064000000000000404e-02
1.156000000000000083e-02 1.992000000000000021e-02
3.569999999999999823e-03 9.799999999999999684e-03
4.000000000000000327e-05 8.999999999999999754e-04
0.000000000000000000e+00 0.000000000000000000e+00
2.259999999999999856e-03 -6.270000000000000399e-03
1.077999999999999965e-02 -1.261999999999999927e-02
2.476000000000000076e-02 -1.894000000000000197e-02
4.376000000000000029e-02 -2.488000000000058914e-02
6.751999999999999669e-02 -3.027000000002916594e-02
9.581000000000000627e-02 -3.497000000068029718e-02
1.283299999999999996e-01 -3.890000000943959896e-02
1.647399999999999975e-01 -4.200000008936995849e-02
2.046699999999999908e-01 -4.420000063021350956e-02
2.477300000000000058e-01 -4.546000351404585332e-02
2.934999999999999831e-01 -4.574001616117564367e-02
3.415400000000000102e-01 -4.504006323742345413e-02
3.913900000000000157e-01 -4.338021551997465336e-02
4.425600000000000089e-01 -4.076065125253359317e-02
4.946499999999999786e-01 -3.721177289134852684e-02
5.472299999999999942e-01 -3.285440077416678512e-02
5.999400000000000288e-01 -2.793006862970072446e-02
6.522499999999999964e-01 -2.284136617543204920e-02
7.034200000000000452e-01 -1.794216308793447623e-02
7.527000000000000357e-01 -1.347755275748543577e-02
7.993200000000000305e-01 -9.593194446468902847e-03
8.425700000000000411e-01 -6.384019786622234689e-03
8.817599999999999882e-01 -3.922220778901539320e-03
9.162500000000000089e-01 -2.195119966552441966e-03
9.454500000000000126e-01 -1.153597032042277815e-03
9.688400000000000345e-01 -7.020878089441432270e-04
9.859700000000000131e-01 -6.805891056431743287e-04
9.964600000000000124e-01 -8.785874309207084140e-04
1.000000000000000000e+00 -1.000000000000000021e-03
