1.000000000000000000e+00 1.000000000000000021e-03
9.502800000000000136e-01 9.941923201554727849e-03
9.005900000000000016e-01 1.922971227288788540e-02
8.508499999999999952e-01 2.908370985649485693e-02
8.010199999999999543e-01 3.913576575459843526e-02
7.510900000000000354e-01 4.914607252269844601e-02
7.010600000000000165e-01 5.881090691201090737e-02
6.509300000000000086e-01 6.782098015003026892e-02
6.007000000000000117e-01 7.596018400696170902e-02
5.503900000000000459e-01 8.298463484069672214e-02
5.000000000000000000e-01 8.871195312499999264e-02
4.495500000000000052e-01 9.289074989769383062e-02
3.990500000000000158e-01 9.527025659360967291e-02
3.485199999999999965e-01 9.559007586637759124e-02
2.979999999999999871e-01 9.362001853302777399e-02
2.474999999999999978e-01 8.941000348479175019e-02
1.970500000000000029e-01 8.279000044790710278e-02
1.466899999999999871e-01 7.348000003144883330e-02
9.647000000000000020e-02 6.077000000072364794e-02
7.147000000000000575e-02 5.261000000004865257e-02
4.660000000000000253e-02 4.264000000000103124e-02
2.197999999999999954e-02 2.963999999999999968e-02
9.910000000000000406e-03 2.074000000000000149e-02
5.250000000000000326e-03 1.584999999999999951e-02
3.000000000000000062e-03 1.286999999999999950e-02
0.000000000000000000e+00 0.000000000000000000e+00
7.000000000000000146e-03 -1.086999999999999945e-02
9.749999999999999986e-03 -1.305000000000000084e-02
1.508999999999999925e-02 -1.645999999999999894e-02
2.801999999999999977e-02 -2.220000000000001139e-02
5.340000000000000302e-02 -3.000000000000353079e-02
7.853000000000000258e-02 -3.565000000011358389e-02
1.035299999999999970e-01 -4.009000000136645619e-02
1.533100000000000018e-01 -4.656000004678798043e-02
2.029499999999999915e-01 -5.095000058411922744e-02
2.525000000000000022e-01 -5.361000417207821556e-02
3.019999999999999907e-01 -5.474002089596761988e-02
3.514800000000000146e-01 -5.439008186637482589e-02
4.009499999999999731e-01 -5.243026780085566219e-02
4.504500000000000171e-01 -4.909076351807252492e-02
5.000000000000000000e-01 -4.459195312500000008e-02
5.496100000000000430e-01 -3.918457605919646591e-02
5.993000000000000549e-01 -3.311997237265720123e-02
6.490700000000000358e-01 -2.662044672842195370e-02
6.989400000000000057e-01 -1.992980696443955382e-02
7.489099999999999646e-01 -1.334410826858338159e-02
7.998899999999999899e-01 -7.294051724884237885e-03
8.491499999999999604e-01 -2.159540712550051672e-03
8.994100000000000428e-01 1.454859307218991102e-03
9.497200000000000086e-01 2.701420440129941557e-03
1.000000000000000000e+00 -1.000000000000000021e-03
