1.000000000000000000e+00 5.500000000000000331e-04
9.501140000000000141e-01 6.480999999999999782e-03
9.002099999999999547e-01 1.190100000000000012e-02
8.003909999999999636e-01 2.215200000000000155e-02
7.005670000000000508e-01 3.214399999999999896e-02
6.007259999999999822e-01 4.119600000000000345e-02
5.008580000000000254e-01 4.865699999999999886e-02
4.009579999999999811e-01 5.435899999999999760e-02
3.509900000000000242e-01 5.613100000000000034e-02
3.010099999999999998e-01 5.728199999999999958e-02
2.510129999999999861e-01 5.746400000000000119e-02
2.009960000000000080e-01 5.649499999999999661e-02
1.509459999999999968e-01 5.367700000000000249e-02
1.008610000000000062e-01 4.880899999999999822e-02
7.577699999999999714e-02 4.408100000000000213e-02
5.066099999999999770e-02 3.752300000000000080e-02
2.548299999999999871e-02 2.740499999999999881e-02
1.284199999999999925e-02 1.939700000000000105e-02
5.205999999999999690e-03 1.169000000000000074e-02
0.000000000000000000e+00 0.000000000000000000e+00
4.821999999999999897e-03 -1.012700000000000058e-02
1.224100000000000014e-02 -1.469799999999999926e-02
2.466700000000000143e-02 -1.888799999999999854e-02
4.959399999999999920e-02 -2.303799999999999945e-02
7.455599999999999727e-02 -2.517799999999999899e-02
9.952700000000000435e-02 -2.682899999999999868e-02
1.494900000000000118e-01 -2.895999999999999963e-02
1.994630000000000014e-01 -3.049100000000000074e-02
2.494389999999999941e-01 -3.182200000000000306e-02
2.994240000000000235e-01 -3.270399999999999696e-02
3.494149999999999756e-01 -3.321500000000000147e-02
3.994150000000000200e-01 -3.320700000000000041e-02
4.994529999999999803e-01 -3.102999999999999856e-02
5.995230000000000281e-01 -2.709400000000000003e-02
6.996200000000000196e-01 -2.156800000000000037e-02
7.997339999999999449e-01 -1.510200000000000084e-02
8.998519999999999852e-01 -8.375999999999999765e-03
9.499170000000000114e-01 -4.717999999999999972e-03
1.000000000000000000e+00 -5.500000000000000331e-04
