1.000000000000000000e+00 1.000000000000000021e-03
9.501600000000000046e-01 7.251205378986299958e-03
9.003299999999999637e-01 1.504870085333401449e-02
8.504599999999999937e-01 2.372274750217105710e-02
8.005499999999999838e-01 3.280505048765790244e-02
7.505800000000000249e-01 4.198560889515941252e-02
7.005500000000000060e-01 5.089063986313396848e-02
6.504799999999999471e-01 5.927084997470884187e-02
6.003600000000000048e-01 6.692013224634835167e-02
5.502000000000000224e-01 7.361462046063448061e-02
5.000000000000000000e-01 7.913195312500000134e-02
4.497700000000000031e-01 8.319075320701929677e-02
3.995199999999999863e-01 8.544025932639635890e-02
3.492600000000000149e-01 8.512007732851087360e-02
2.990099999999999980e-01 8.290001910607229518e-02
2.487800000000000011e-01 7.879000365038919818e-02
1.985699999999999965e-01 7.274000047997954133e-02
1.484000000000000041e-01 6.456000003490640349e-02
9.830999999999999461e-02 5.356000000085778950e-02
7.331000000000000016e-02 4.661000000006115807e-02
4.836000000000000021e-02 3.816000000000144277e-02
2.352999999999999883e-02 2.710000000000000256e-02
1.122000000000000081e-02 1.944999999999999854e-02
6.369999999999999794e-03 1.521999999999999915e-02
3.989999999999999623e-03 1.254000000000000080e-02
0.000000000000000000e+00 0.000000000000000000e+00
6.009999999999999717e-03 -1.153999999999999991e-02
8.630000000000000518e-03 -1.382000000000000069e-02
1.378000000000000058e-02 -1.730999999999999900e-02
2.647000000000000047e-02 -2.338000000000000841e-02
5.163999999999999840e-02 -3.184000000000260927e-02
7.668999999999999428e-02 -3.813000000009175716e-02
1.016900000000000026e-01 -4.322000000116280050e-02
1.516000000000000125e-01 -5.110000004229536819e-02
2.014299999999999979e-01 -5.682000054590538585e-02
2.512199999999999989e-01 -6.089000398554669097e-02
3.009899999999999798e-01 -6.346002027536133683e-02
3.507399999999999962e-01 -6.452008032813404126e-02
4.004800000000000026e-01 -6.402026498878285454e-02
4.502300000000000191e-01 -6.129076016849818731e-02
5.000000000000000000e-01 -5.707195312500000506e-02
5.497999999999999554e-01 -5.171459031637964249e-02
5.996399999999999508e-01 -4.550002340686586100e-02
6.495199999999999863e-01 -3.867057466418926531e-02
6.994500000000000162e-01 -3.145006914454655939e-02
7.494199999999999751e-01 -2.408456371049247369e-02
7.994499999999999940e-01 -1.688338953594670927e-02
8.495399999999999618e-01 -1.026049127445641251e-02
8.996699999999999697e-01 -4.706143874898083973e-03
9.498400000000000176e-01 -9.292947276383506112e-04
1.000000000000000000e+00 -1.000000000000000021e-03
