1.000000000000000000e+00 1.000000000000000021e-03
9.500600000000000156e-01 4.690607747275358196e-03
9.001200000000000312e-01 9.677885641613067150e-03
8.501600000000000268e-01 1.535200962821290337e-02
8.001899999999999569e-01 2.133450489109056311e-02
7.501999999999999780e-01 2.736526508186281140e-02
7.001899999999999791e-01 3.317045229219255792e-02
6.501599999999999602e-01 3.862075784289584202e-02
6.001199999999999868e-01 4.357009585037145694e-02
5.500699999999999479e-01 4.786461064450844155e-02
5.000000000000000000e-01 5.138195312500000445e-02
4.499199999999999866e-01 5.391075547081412844e-02
3.998399999999999732e-01 5.524026120179013899e-02
3.497500000000000053e-01 5.495007831041193169e-02
2.996699999999999919e-01 5.350001948899349435e-02
2.495900000000000063e-01 5.087000375876028074e-02
1.995300000000000129e-01 4.700000050127243340e-02
1.494699999999999918e-01 4.178000003723799510e-02
9.944000000000000061e-02 3.479000000095071321e-02
7.442999999999999616e-02 3.037000000007010481e-02
4.945000000000000090e-02 2.500000000000177081e-02
2.450000000000000094e-02 1.793000000000000496e-02
1.207000000000000087e-02 1.302999999999999992e-02
7.119999999999999593e-03 1.022999999999999951e-02
4.649999999999999620e-03 8.439999999999999586e-03
0.000000000000000000e+00 0.000000000000000000e+00
5.349999999999999721e-03 -7.939999999999999142e-03
7.879999999999999852e-03 -9.530000000000000276e-03
1.293000000000000052e-02 -1.195000000000000055e-02
2.549999999999999836e-02 -1.607000000000000442e-02
5.054999999999999771e-02 -2.184000000000215283e-02
7.556999999999999829e-02 -2.613000000008038060e-02
1.005599999999999966e-01 -2.963000000105154436e-02
1.505299999999999971e-01 -3.506000003968327838e-02
2.004700000000000093e-01 -3.904000052293114809e-02
2.504100000000000215e-01 -4.191000387137297500e-02
3.003299999999999859e-01 -4.378001987872129352e-02
3.502500000000000058e-01 -4.465007932376068717e-02
4.001600000000000157e-01 -4.452026308922975989e-02
4.500799999999999801e-01 -4.295075789219290202e-02
5.000000000000000000e-01 -4.034195312500000324e-02
5.499300000000000299e-01 -3.690460009403067482e-02
5.998799999999999688e-01 -3.285005957065231103e-02
6.498399999999999732e-01 -2.832066607313782694e-02
6.998100000000000431e-01 -2.345025513586279295e-02
7.498000000000000220e-01 -1.840490467512946940e-02
7.998100000000000209e-01 -1.337393111000129142e-02
8.498400000000000398e-01 -8.631224855241264801e-03
8.998800000000000132e-01 -4.516955832285188266e-03
9.499400000000000066e-01 -1.529891253182890688e-03
1.000000000000000000e+00 -1.000000000000000021e-03
