1.000000000000000000e+00 1.000000000000000021e-03
9.799999999999999822e-01 4.633747762130149481e-03
9.549999999999999600e-01 9.060739612421040909e-03
9.399999999999999467e-01 1.187299480222861643e-02
9.250000000000000444e-01 1.449576469343214803e-02
9.100000000000000311e-01 1.712792980012978888e-02
8.900000000000000133e-01 2.065035640370748229e-02
8.599999999999999867e-01 2.555732741731166213e-02
8.299999999999999600e-01 3.028694025526753805e-02
8.000000000000000444e-01 3.513421772800000287e-02
7.600000000000000089e-01 4.108459064384657744e-02
7.199999999999999734e-01 4.695199869781422480e-02
6.800000000000000488e-01 5.273108710029642682e-02
6.400000000000000133e-01 5.821801439850948084e-02
5.999999999999999778e-01 6.351007769600000574e-02
5.600000000000000533e-01 6.850541616944814949e-02
5.200000000000000178e-01 7.330277990588364434e-02
4.799999999999999822e-01 7.800135260546059435e-02
4.400000000000000022e-01 8.200061812183950805e-02
4.000000000000000222e-01 8.500026214399999946e-02
3.599999999999999867e-01 8.800010155995666161e-02
3.200000000000000067e-01 9.050003518437207961e-02
2.800000000000000266e-01 9.200001057845595687e-02
2.449999999999999956e-01 9.260000318049531332e-02
2.099999999999999922e-01 9.290000079428004098e-02
1.799999999999999933e-01 9.200000019835928577e-02
1.499999999999999944e-01 9.010000003844335914e-02
1.250000000000000000e-01 8.690000000745058684e-02
1.100000000000000006e-01 8.400000000235795239e-02
8.999999999999999667e-02 7.910000000038742984e-02
7.499999999999999722e-02 7.450000000007507561e-02
5.000000000000000278e-02 6.310000000000196008e-02
4.000000000000000083e-02 5.710000000000026166e-02
2.999999999999999889e-02 5.030000000000001831e-02
2.000000000000000042e-02 4.229999999999999732e-02
1.000000000000000021e-02 3.209999999999999659e-02
0.000000000000000000e+00 0.000000000000000000e+00
1.000000000000000021e-02 -7.700000000000000247e-03
2.000000000000000042e-02 -8.999999999999999320e-03
2.999999999999999889e-02 -1.000000000000001929e-02
4.000000000000000083e-02 -1.080000000000026252e-02
5.000000000000000278e-02 -1.080000000000195387e-02
7.499999999999999722e-02 -1.100000000007508340e-02
8.999999999999999667e-02 -1.150000000038742080e-02
1.100000000000000006e-01 -1.300000000235794657e-02
1.250000000000000000e-01 -1.420000000745058090e-02
1.499999999999999944e-01 -1.670000003844335917e-02
1.799999999999999933e-01 -2.000000019835929121e-02
2.099999999999999922e-01 -2.310000079428004699e-02
2.449999999999999956e-01 -2.600000318049530690e-02
2.800000000000000266e-01 -2.810001057845595493e-02
3.200000000000000067e-01 -2.990003518437208893e-02
3.599999999999999867e-01 -3.100010155995666650e-02
4.000000000000000222e-01 -3.150026214400000052e-02
4.400000000000000022e-01 -3.140061812183950890e-02
4.799999999999999822e-01 -3.100135260546059424e-02
5.200000000000000178e-01 -3.040277990588363677e-02
5.600000000000000533e-01 -2.930541616944814381e-02
5.999999999999999778e-01 -2.791007769600000257e-02
6.400000000000000133e-01 -2.631801439850948304e-02
6.800000000000000488e-01 -2.443108710029643152e-02
7.199999999999999734e-01 -2.225199869781422854e-02
7.600000000000000089e-01 -1.988459064384658082e-02
8.000000000000000444e-01 -1.733421772799999955e-02
8.299999999999999600e-01 -1.508694025526753982e-02
8.599999999999999867e-01 -1.275732741731166499e-02
8.900000000000000133e-01 -1.035035640370748564e-02
9.100000000000000311e-01 -8.827929800129788798e-03
9.250000000000000444e-01 -7.495764693432148754e-03
9.399999999999999467e-01 -6.272994802228616489e-03
9.549999999999999600e-01 -4.960739612421041431e-03
9.799999999999999822e-01 -2.833747762130149964e-03
1.000000000000000000e+00 -1.000000000000000021e-03
