1.000000000000000000e+00 1.000000000000000021e-03
9.982100000000000417e-01 1.464004867122759967e-03
9.931100000000000483e-01 2.909671802653559028e-03
9.850799999999999557e-01 5.263460993769657897e-03
9.743500000000000494e-01 8.301470815489805921e-03
9.610699999999999799e-01 1.183951203011335274e-02
9.453599999999999781e-01 1.570308010626814826e-02
9.272399999999999531e-01 1.966667493987742099e-02
9.066400000000000015e-01 2.364391758914133335e-02
8.835800000000000320e-01 2.770825616606387848e-02
8.582400000000000029e-01 3.189262641932663622e-02
8.307900000000000285e-01 3.618854774542365482e-02
8.014299999999999757e-01 4.054639245874152448e-02
7.703499999999999792e-01 4.495554165987202672e-02
7.377700000000000369e-01 4.936475732841521386e-02
7.039199999999999902e-01 5.372243358671554420e-02
6.690399999999999681e-01 5.796685769601329918e-02
6.333600000000000341e-01 6.204640044708782665e-02
5.971300000000000496e-01 6.588965206009894660e-02
5.605999999999999872e-01 6.938546862118837033e-02
5.240200000000000413e-01 7.244297941338935509e-02
4.875200000000000089e-01 7.482155572178021685e-02
4.511299999999999755e-01 7.648077395440522341e-02
4.149999999999999800e-01 7.757036511768607145e-02
3.793300000000000005e-01 7.808016261279675241e-02
3.443499999999999894e-01 7.804006807705905768e-02
3.102599999999999802e-01 7.745002663986952363e-02
2.772600000000000064e-01 7.631000968244347482e-02
2.455499999999999905e-01 7.460000324533434812e-02
2.152699999999999891e-01 7.231000099277674897e-02
1.865700000000000136e-01 6.943000027389008288e-02
1.595499999999999974e-01 6.601000006699946077e-02
1.343399999999999872e-01 6.210000001425109578e-02
1.110600000000000059e-01 5.775000000257050903e-02
8.984999999999999931e-02 5.302000000038164379e-02
7.079000000000000570e-02 4.795000000004464441e-02
5.399000000000000327e-02 4.260000000000389864e-02
3.955000000000000182e-02 3.701000000000023715e-02
2.753999999999999851e-02 3.123000000000001122e-02
1.796999999999999986e-02 2.510000000000000078e-02
1.058000000000000086e-02 1.864999999999999991e-02
5.130000000000000011e-03 1.226999999999999966e-02
1.619999999999999912e-03 6.289999999999999584e-03
5.000000000000000240e-05 1.069999999999999988e-03
3.200000000000000262e-04 -2.809999999999999998e-03
3.510000000000000099e-03 -4.689999999999999725e-03
1.047000000000000014e-02 -5.159999999999999656e-03
2.077000000000000027e-02 -4.870000000000001064e-03
3.425000000000000266e-02 -3.780000000000064992e-03
5.081000000000000100e-02 -1.800000000002257043e-03
7.054000000000000548e-02 1.149999999956756577e-03
9.360999999999999877e-02 4.849999999448049298e-03
1.199100000000000027e-01 9.179999994874944030e-03
1.492999999999999883e-01 1.389999996314144649e-02
1.816699999999999982e-01 1.885999978444954234e-02
2.168200000000000127e-01 2.387999894100463136e-02
2.545200000000000240e-01 2.878999551773807689e-02
2.945200000000000040e-01 3.340998332625611661e-02
3.365500000000000158e-01 3.758994460808828125e-02
3.803199999999999914e-01 4.111983352750848281e-02
4.254800000000000249e-01 4.384954300404594885e-02
4.716799999999999882e-01 4.552884434778351613e-02
5.185400000000000009e-01 4.593728955642881889e-02
5.654500000000000082e-01 4.448409053893444265e-02
6.115099999999999980e-01 4.096804272903678545e-02
6.547699999999999632e-01 3.637787929542542209e-02
6.949199999999999822e-01 3.180220683193103054e-02
7.332100000000000284e-01 2.780875714677435648e-02
7.695699999999999763e-01 2.414532546863255857e-02
8.038800000000000390e-01 2.070980871563837811e-02
8.359799999999999454e-01 1.750058262855280072e-02
8.657000000000000250e-01 1.446690939621013590e-02
8.928599999999999870e-01 1.160937958931676506e-02
9.172900000000000498e-01 8.920209566550221791e-03
9.387999999999999678e-01 6.413555025173618002e-03
9.572000000000000508e-01 4.135434370113599822e-03
9.723500000000000476e-01 2.213031222858698795e-03
9.842100000000000293e-01 7.534573158190996248e-04
9.928299999999999903e-01 -2.172900884737095613e-04
9.981700000000000017e-01 -7.836500470176157055e-04
1.000000000000000000e+00 -1.000000000000000021e-03
