1.000000000000000000e+00 1.000000000000000021e-03
9.501399999999999846e-01 6.851085812384302871e-03
9.002799999999999692e-01 1.365850661729478902e-02
8.503800000000000248e-01 2.080255053210631686e-02
8.004400000000000404e-01 2.796488356926196683e-02
7.504499999999999504e-01 3.486549111804630730e-02
7.004299999999999971e-01 4.132057725376831608e-02
6.503600000000000492e-01 4.714081538277143518e-02
6.002699999999999703e-01 5.218011858421239824e-02
5.501399999999999624e-01 5.625461592780884451e-02
5.000000000000000000e-01 5.915195312500000357e-02
4.498400000000000176e-01 6.058075426270540659e-02
3.996799999999999797e-01 6.067026026259173671e-02
3.495099999999999874e-01 5.954007782810472743e-02
2.993600000000000150e-01 5.732001930829526415e-02
2.492099999999999871e-01 5.397000370756852017e-02
1.990899999999999892e-01 4.938000049141116204e-02
1.489900000000000113e-01 4.338000003617546035e-02
9.894000000000000017e-02 3.555000000090854234e-02
7.394000000000000572e-02 3.069000000006605333e-02
4.898000000000000270e-02 2.491000000000162529e-02
2.408000000000000071e-02 1.757000000000000228e-02
1.169000000000000074e-02 1.273000000000000000e-02
6.779999999999999569e-03 9.990000000000000616e-03
4.349999999999999700e-03 8.189999999999999364e-03
0.000000000000000000e+00 0.000000000000000000e+00
5.649999999999999641e-03 -7.190000000000000210e-03
8.219999999999999876e-03 -8.590000000000000413e-03
1.331000000000000065e-02 -1.059000000000000045e-02
2.591999999999999860e-02 -1.385000000000000467e-02
5.102000000000000285e-02 -1.859000000000234076e-02
7.606000000000000261e-02 -2.221000000008519285e-02
1.010599999999999971e-01 -2.521000000109954731e-02
1.510100000000000053e-01 -2.992000004083676667e-02
2.009100000000000052e-01 -3.346000053335206753e-02
2.507900000000000129e-01 -3.607000392456872345e-02
3.006400000000000183e-01 -3.788002006415456396e-02
3.504900000000000237e-01 -3.894007981429515458e-02
4.003200000000000092e-01 -3.925026403748788778e-02
4.501600000000000046e-01 -3.868075910546722729e-02
5.000000000000000000e-01 -3.709195312500000036e-02
5.498600000000000154e-01 -3.435459482684373456e-02
5.997299999999999853e-01 -3.076003695472051547e-02
6.496399999999999952e-01 -2.654060890034152728e-02
6.995700000000000252e-01 -2.188013105659945487e-02
7.495500000000000496e-01 -1.696468020070980923e-02
7.995600000000000485e-01 -1.204355481000324475e-02
8.496200000000000419e-01 -7.340686693438294545e-03
8.997199999999999642e-01 -3.316337060596467445e-03
9.498600000000000376e-01 -5.294139925585831293e-04
1.000000000000000000e+00 -1.000000000000000021e-03
