1.000000000000000000e+00 1.000000000000000021e-03
9.966300000000000159e-01 1.180075649685480375e-03
9.866700000000000470e-01 1.876231764265002752e-03
9.704399999999999693e-01 3.403340319639525276e-03
9.484000000000000208e-01 5.940760261998476524e-03
9.210800000000000098e-01 9.587173339210436698e-03
8.890599999999999614e-01 1.428704008476952385e-02
8.529700000000000060e-01 1.993900325237612375e-02
8.134200000000000319e-01 2.632589551387887195e-02
7.710399999999999476e-01 3.319631461226133645e-02
7.264199999999999546e-01 4.017632356493354429e-02
6.800100000000000033e-01 4.688109121500762255e-02
6.321400000000000352e-01 5.302611830794801834e-02
5.832100000000000062e-01 5.850780593009992370e-02
5.336800000000000432e-01 6.322351178847152031e-02
4.840499999999999803e-01 6.704145885463699828e-02
4.347699999999999898e-01 6.988055505513311727e-02
3.862900000000000222e-01 7.166019152311219054e-02
3.390799999999999925e-01 7.235005925425884443e-02
2.935400000000000231e-01 7.192001618100934968e-02
2.501099999999999990e-01 7.043000382983008456e-02
2.092400000000000093e-01 6.790000076878058288e-02
1.713600000000000123e-01 6.434000012740458130e-02
1.368199999999999972e-01 5.971000001680142749e-02
1.058499999999999996e-01 5.403000000166808398e-02
7.864000000000000157e-02 4.741000000011502680e-02
5.535000000000000336e-02 3.997000000000487663e-02
3.606999999999999790e-02 3.190000000000010189e-02
2.087999999999999926e-02 2.343999999999999903e-02
9.780000000000000498e-03 1.491999999999999924e-02
2.779999999999999919e-03 6.819999999999999674e-03
0.000000000000000000e+00 -3.000000000000000076e-05
2.840000000000000076e-03 -5.259999999999999919e-03
1.183000000000000024e-02 -9.719999999999999474e-03
2.610000000000000167e-02 -1.383000000000000548e-02
4.544999999999999735e-02 -1.731000000000082820e-02
6.973000000000000032e-02 -2.006000000003897721e-02
9.879000000000000281e-02 -2.204000000089622463e-02
1.323900000000000077e-01 -2.329000001249386179e-02
1.702400000000000024e-01 -2.386000012010317667e-02
2.119699999999999918e-01 -2.385000086391218105e-02
2.571300000000000252e-01 -2.335000491331658268e-02
3.052000000000000268e-01 -2.244002297527739401e-02
3.556400000000000117e-01 -2.120009101132018514e-02
4.078700000000000103e-01 -1.970031238909580179e-02
4.612899999999999778e-01 -1.801094572824400025e-02
5.152700000000000058e-01 -1.620256043479092675e-02
5.692000000000000393e-01 -1.433627168189872611e-02
6.224199999999999733e-01 -1.247402012394789768e-02
6.743099999999999650e-01 -1.066882281556318438e-02
7.242300000000000404e-01 -8.984813634162322829e-03
7.715800000000000436e-01 -7.456923403595752155e-03
8.157699999999999951e-01 -6.109996164094500491e-03
8.562499999999999556e-01 -4.967403170296052009e-03
8.924999999999999600e-01 -4.029313904067913059e-03
9.240500000000000380e-01 -3.261201000033063860e-03
9.504899999999999460e-01 -2.623181137245027012e-03
9.715099999999999847e-01 -2.010948694515427623e-03
9.869900000000000340e-01 -1.408821952605912977e-03
9.966800000000000104e-01 -1.070513747730533457e-03
1.000010000000000066e+00 -1.000000000000000021e-03
