1.000000000000000000e+00 1.000000000000000021e-03
9.501300000000000301e-01 6.671026036633316211e-03
9.002700000000000147e-01 1.341846778044174932e-02
8.503800000000000248e-01 2.077255053210631461e-02
8.004499999999999948e-01 2.838489873608008446e-02
7.504699999999999704e-01 3.597550922698080494e-02
7.004500000000000171e-01 4.326058768270476390e-02
6.503900000000000237e-01 5.006082402596974401e-02
6.002899999999999903e-01 5.620012161882666918e-02
5.501599999999999824e-01 6.151461743831133228e-02
5.000000000000000000e-01 6.583195312499999508e-02
4.498199999999999976e-01 6.893075396094668073e-02
3.996100000000000207e-01 7.052025985263724039e-02
3.494099999999999984e-01 7.008007762792395345e-02
2.992099999999999760e-01 6.815001922139649060e-02
2.490300000000000014e-01 6.470000368353683029e-02
1.988600000000000090e-01 5.968000048632535887e-02
1.487199999999999911e-01 5.291000003558970349e-02
9.865000000000000158e-02 4.386000000088486478e-02
7.363999999999999713e-02 3.815000000006368852e-02
4.868000000000000105e-02 3.123000000000153431e-02
2.382000000000000089e-02 2.218000000000000180e-02
1.146999999999999929e-02 1.592999999999999972e-02
6.590000000000000371e-03 1.244999999999999926e-02
4.179999999999999688e-03 1.025000000000000043e-02
0.000000000000000000e+00 0.000000000000000000e+00
5.819999999999999653e-03 -9.249999999999999542e-03
8.410000000000000808e-03 -1.105000000000000079e-02
1.353000000000000036e-02 -1.379000000000000017e-02
2.617999999999999841e-02 -1.846000000000000765e-02
5.131999999999999756e-02 -2.491000000000247183e-02
7.635999999999999732e-02 -2.967000000008826466e-02
1.013499999999999956e-01 -3.352000000112827227e-02
1.512799999999999978e-01 -3.945000004149861600e-02
2.011400000000000132e-01 -4.376000053887248858e-02
2.509700000000000264e-01 -4.680000394999273006e-02
3.007900000000000018e-01 -4.871002015443107874e-02
3.505900000000000127e-01 -4.948008001947904605e-02
4.003900000000000237e-01 -4.910026445330525902e-02
4.501800000000000246e-01 -4.703075940905544761e-02
5.000000000000000000e-01 -4.377195312500000574e-02
5.498399999999999954e-01 -3.961459332291816793e-02
5.997099999999999653e-01 -3.478003394268031068e-02
6.496100000000000207e-01 -2.946060033655949900e-02
6.995500000000000052e-01 -2.382012073202266836e-02
7.495300000000000296e-01 -1.807466226861522557e-02
7.995499999999999829e-01 -1.246353977757092002e-02
8.496200000000000419e-01 -7.310686693438294900e-03
8.997300000000000297e-01 -3.076375708043810331e-03
9.498699999999999921e-01 -3.494736325527802220e-04
1.000000000000000000e+00 -1.000000000000000021e-03
