1.000000000000000000e+00 -1.600000000000000077e-03
9.749999999999999778e-01 4.799999999999999580e-03
9.499999999999999556e-01 1.099999999999999936e-02
9.250000000000000444e-01 1.689999999999999836e-02
9.000000000000000222e-01 2.270000000000000143e-02
8.750000000000000000e-01 2.840000000000000163e-02
8.499999999999999778e-01 3.400000000000000244e-02
8.249999999999999556e-01 3.930000000000000160e-02
8.000000000000000444e-01 4.449999999999999789e-02
7.750000000000000222e-01 4.950000000000000233e-02
7.500000000000000000e-01 5.419999999999999818e-02
7.249999999999999778e-01 5.870000000000000218e-02
6.999999999999999556e-01 6.289999999999999758e-02
6.750000000000000444e-01 6.669999999999999540e-02
6.500000000000000222e-01 7.019999999999999851e-02
6.250000000000000000e-01 7.330000000000000404e-02
5.999999999999999778e-01 7.610000000000000098e-02
5.749999999999999556e-01 7.829999999999999460e-02
5.500000000000000444e-01 8.019999999999999352e-02
5.250000000000000222e-01 8.169999999999999485e-02
5.000000000000000000e-01 8.290000000000000147e-02
4.749999999999999778e-01 8.379999999999999949e-02
4.500000000000000111e-01 8.440000000000000280e-02
4.249999999999999889e-01 8.459999999999999465e-02
4.000000000000000222e-01 8.459999999999999465e-02
3.750000000000000000e-01 8.429999999999999993e-02
3.499999999999999778e-01 8.379999999999999949e-02
3.250000000000000111e-01 8.300000000000000433e-02
2.999999999999999889e-01 8.179999999999999771e-02
2.750000000000000222e-01 8.029999999999999638e-02
2.500000000000000000e-01 7.860000000000000320e-02
2.250000000000000056e-01 7.649999999999999856e-02
2.000000000000000111e-01 7.399999999999999634e-02
1.749999999999999889e-01 7.099999999999999367e-02
1.499999999999999944e-01 6.750000000000000444e-02
1.250000000000000000e-01 6.350000000000000089e-02
1.000000000000000056e-01 5.859999999999999931e-02
7.499999999999999722e-02 5.260000000000000092e-02
5.000000000000000278e-02 4.479999999999999954e-02
3.749999999999999861e-02 3.969999999999999918e-02
2.500000000000000139e-02 3.320000000000000034e-02
1.250000000000000069e-02 2.419999999999999929e-02
5.000000000000000104e-03 1.590000000000000094e-02
2.000000000000000042e-03 1.039999999999999952e-02
0.000000000000000000e+00 0.000000000000000000e+00
2.000000000000000042e-03 -5.000000000000000104e-03
5.000000000000000104e-03 -9.400000000000000369e-03
1.250000000000000069e-02 -1.450000000000000074e-02
2.500000000000000139e-02 -1.909999999999999892e-02
3.749999999999999861e-02 -2.230000000000000038e-02
5.000000000000000278e-02 -2.500000000000000139e-02
7.499999999999999722e-02 -2.939999999999999905e-02
1.000000000000000056e-01 -3.280000000000000276e-02
1.250000000000000000e-01 -3.559999999999999970e-02
1.499999999999999944e-01 -3.790000000000000313e-02
1.749999999999999889e-01 -3.980000000000000204e-02
2.000000000000000111e-01 -4.139999999999999930e-02
2.250000000000000056e-01 -4.270000000000000184e-02
2.500000000000000000e-01 -4.370000000000000273e-02
2.750000000000000222e-01 -4.429999999999999910e-02
2.999999999999999889e-01 -4.479999999999999954e-02
3.250000000000000111e-01 -4.510000000000000120e-02
3.499999999999999778e-01 -4.519999999999999712e-02
3.750000000000000000e-01 -4.499999999999999833e-02
4.000000000000000222e-01 -4.469999999999999668e-02
4.249999999999999889e-01 -4.420000000000000318e-02
4.500000000000000111e-01 -4.349999999999999700e-02
4.749999999999999778e-01 -4.259999999999999898e-02
5.000000000000000000e-01 -4.139999999999999930e-02
5.250000000000000222e-01 -3.989999999999999797e-02
5.500000000000000444e-01 -3.810000000000000192e-02
5.749999999999999556e-01 -3.590000000000000135e-02
5.999999999999999778e-01 -3.330000000000000321e-02
6.250000000000000000e-01 -3.049999999999999933e-02
6.500000000000000222e-01 -2.740000000000000074e-02
6.750000000000000444e-01 -2.419999999999999929e-02
6.999999999999999556e-01 -2.100000000000000130e-02
7.249999999999999778e-01 -1.770000000000000046e-02
7.500000000000000000e-01 -1.439999999999999961e-02
7.750000000000000222e-01 -1.129999999999999928e-02
8.000000000000000444e-01 -8.300000000000000086e-03
8.249999999999999556e-01 -5.700000000000000205e-03
8.499999999999999778e-01 -3.500000000000000073e-03
8.750000000000000000e-01 -1.799999999999999951e-03
9.000000000000000222e-01 -8.000000000000000383e-04
9.250000000000000444e-01 -5.999999999999999474e-04
9.499999999999999556e-01 -1.299999999999999940e-03
9.749999999999999778e-01 -3.399999999999999811e-03
1.000000000000000000e+00 -7.100000000000000408e-03
