1.000000000000000000e+00 1.000000000000000021e-03
9.498299999999999521e-01 1.130923510271157444e-02
8.996499999999999497e-01 2.164606662466496065e-02
7.993200000000000305e-01 4.166319444646889719e-02
6.990100000000000202e-01 6.052984285941839793e-02
5.987299999999999844e-01 7.786988733332039780e-02
4.984799999999999787e-01 9.313190033271170898e-02
3.982800000000000229e-01 1.055902521717812237e-01
2.981400000000000161e-01 1.141600186115363236e-01
1.981799999999999951e-01 1.118300004715615803e-01
1.483200000000000074e-01 1.030200000347374079e-01
9.858000000000000096e-02 8.731000000087922597e-02
7.376000000000000612e-02 7.580000000006463512e-02
4.902999999999999720e-02 5.940000000000163899e-02
2.438999999999999849e-02 3.719999999999999696e-02
1.210999999999999924e-02 2.390000000000000110e-02
0.000000000000000000e+00 0.000000000000000000e+00
1.272000000000000040e-02 -1.358999999999999965e-02
2.528999999999999998e-02 -1.789000000000000312e-02
5.036999999999999811e-02 -2.288000000000208964e-02
7.542000000000000093e-02 -2.567000000007895258e-02
1.004499999999999976e-01 -2.766000000104123710e-02
1.504900000000000126e-01 -3.015000003958847458e-02
2.005000000000000115e-01 -3.093000052363587341e-02
3.005099999999999993e-01 -3.120001998620586248e-02
4.004900000000000126e-01 -2.977026504833982928e-02
5.004499999999999504e-01 -2.774196900238538877e-02
6.004000000000000448e-01 -2.442013832367020965e-02
7.003200000000000536e-01 -1.992051993718374145e-02
8.002299999999999969e-01 -1.429456541602086225e-02
9.001599999999999602e-01 -7.728040802763721205e-03
9.500600000000000156e-01 -4.440607747275357974e-03
1.000000000000000000e+00 -1.000000000000000021e-03
