1.000000000000000000e+00 1.000000000000000021e-03
9.981200000000000072e-01 1.233206681818586545e-03
9.925699999999999523e-01 2.055083303074018222e-03
9.835500000000000353e-01 3.561326847783182706e-03
9.712800000000000322e-01 5.819307585950451479e-03
9.559800000000000519e-01 8.806867048937546197e-03
9.378900000000000015e-01 1.250152248068052592e-02
9.172200000000000353e-01 1.684947474313532381e-02
8.942299999999999693e-01 2.179563109325141634e-02
8.692299999999999471e-01 2.717327768302950017e-02
8.423599999999999977e-01 3.277354018923857998e-02
8.137400000000000189e-01 3.849644834789282821e-02
7.836300000000000487e-01 4.424142932124568162e-02
7.521700000000000053e-01 4.980706267318258523e-02
7.194300000000000139e-01 5.512162937814829577e-02
6.856700000000000017e-01 6.016349934645848219e-02
6.510399999999999521e-01 6.477101208033600455e-02
6.156700000000000506e-01 6.888270960134765253e-02
5.797600000000000531e-01 7.253740004285456899e-02
5.435100000000000486e-01 7.560413873720783773e-02
5.070799999999999752e-01 7.805221660513457504e-02
4.706400000000000028e-01 7.993113292071668541e-02
4.344299999999999828e-01 8.118055116073970290e-02
3.986100000000000199e-01 8.178025405848707297e-02
3.634000000000000008e-01 8.176011052596279804e-02
3.289900000000000047e-01 8.108004514859873391e-02
2.955599999999999894e-01 7.972001721119087447e-02
2.632399999999999740e-01 7.774000606969598548e-02
2.322700000000000042e-01 7.512000196760573734e-02
2.027599999999999958e-01 7.186000057921598794e-02
1.748200000000000032e-01 6.802000015251762066e-02
1.486399999999999944e-01 6.364000003541778194e-02
1.243200000000000000e-01 5.872000000709363954e-02
1.019199999999999967e-01 5.333000000118668510e-02
8.157999999999999974e-02 4.758000000016004982e-02
6.339000000000000190e-02 4.150000000001653061e-02
4.737000000000000238e-02 3.517000000000120030e-02
3.359000000000000180e-02 2.875000000000005676e-02
2.213999999999999996e-02 2.232999999999999916e-02
1.305000000000000084e-02 1.602999999999999911e-02
6.320000000000000097e-03 1.000000000000000021e-02
1.969999999999999963e-03 4.460000000000000422e-03
0.000000000000000000e+00 0.000000000000000000e+00
1.270000000000000078e-03 -3.579999999999999849e-03
6.250000000000000347e-03 -6.230000000000000294e-03
1.442000000000000053e-02 -8.760000000000000425e-03
2.555999999999999939e-02 -1.092000000000000436e-02
3.964999999999999775e-02 -1.261000000000024254e-02
5.671000000000000346e-02 -1.386000000000606712e-02
7.660999999999999754e-02 -1.470000000009090077e-02
9.926999999999999713e-02 -1.511000000093618706e-02
1.245600000000000041e-01 -1.513000000721784200e-02
1.523500000000000132e-01 -1.480000004421627366e-02
1.824800000000000033e-01 -1.415000022435587701e-02
2.147799999999999987e-01 -1.322000097262301596e-02
2.490499999999999936e-01 -1.205000368620016797e-02
2.850800000000000001e-01 -1.068001243657379362e-02
3.226600000000000024e-01 -9.160037905843500250e-03
3.615499999999999825e-01 -7.550105563867481016e-03
4.014900000000000135e-01 -5.890271064468956090e-03
4.422200000000000020e-01 -4.240646763380292832e-03
4.834600000000000009e-01 -2.641442928891798471e-03
5.249399999999999622e-01 -1.133026822838565598e-03
5.663500000000000201e-01 2.340053456948014182e-04
6.074000000000000510e-01 1.428746876420227243e-03
6.477899999999999769e-01 2.419913320258867268e-03
6.872200000000000530e-01 3.205812911865981753e-03
7.254099999999999993e-01 3.764377328529491546e-03
7.620700000000000252e-01 4.093313037033600478e-03
7.969399999999999817e-01 4.210332651800704346e-03
8.297499999999999876e-01 4.103565900352459245e-03
8.602499999999999591e-01 3.811998558983520531e-03
8.882299999999999640e-01 3.345864927018789466e-03
9.134600000000000497e-01 2.737201836565574063e-03
9.357499999999999707e-01 2.039903955577561118e-03
9.549299999999999455e-01 1.299696140385381195e-03
9.708499999999999908e-01 5.737522459853025125e-04
9.833699999999999664e-01 -4.990919898554863239e-05
9.924800000000000288e-01 -5.043204925697661670e-04
9.980900000000000327e-01 -8.429407479725254185e-04
1.000000000000000000e+00 -1.000000000000000021e-03
