1.000000000000000000e+00 1.000000000000000021e-03
9.983699999999999797e-01 1.995425285505252576e-03
9.939799999999999747e-01 4.917106492846491130e-03
9.875300000000000189e-01 9.213208157385268521e-03
9.790799999999999503e-01 1.399672983857417133e-02
9.681100000000000261e-01 1.885700301614326793e-02
9.543700000000000516e-01 2.393682702285808428e-02
9.379600000000000160e-01 2.930189977950380109e-02
9.189800000000000191e-01 3.489747085387930742e-02
8.975400000000000045e-01 4.069799348373425579e-02
8.737599999999999811e-01 4.666684479123680424e-02
8.477900000000000436e-01 5.276625313541483814e-02
8.197999999999999732e-01 5.895725196382201050e-02
7.899699999999999500e-01 6.517981064026627525e-02
7.585100000000000176e-01 7.138310971577539743e-02
7.256099999999999772e-01 7.752576084339452001e-02
6.915099999999999580e-01 8.352615648337470555e-02
6.564200000000000035e-01 8.934262748278555544e-02
6.205800000000000205e-01 9.491365148749522640e-02
5.842300000000000271e-01 1.001679296621947601e-01
5.476299999999999502e-01 1.050544298098327611e-01
5.110500000000000043e-01 1.094823777737793657e-01
4.747299999999999853e-01 1.133512246728663742e-01
4.389100000000000223e-01 1.165306044763059212e-01
4.037799999999999723e-01 1.189202853009601879e-01
3.695499999999999896e-01 1.204601285460865506e-01
3.365199999999999858e-01 1.209100553474889428e-01
3.045599999999999974e-01 1.200000225452873132e-01
2.734699999999999909e-01 1.178400085543539477e-01
2.434099999999999875e-01 1.146200029994784569e-01
2.144500000000000017e-01 1.104700009592558402e-01
1.868100000000000038e-01 1.055600002770773899e-01
1.606899999999999995e-01 9.994000007143312436e-02
1.362200000000000077e-01 9.362000001614982636e-02
1.135099999999999998e-01 8.672000000312829471e-02
9.268999999999999462e-02 7.932000000050500044e-02
7.388000000000000123e-02 7.149000000006557054e-02
5.718999999999999778e-02 6.332000000000655160e-02
4.281999999999999695e-02 5.484000000000048558e-02
3.067999999999999894e-02 4.593000000000001942e-02
2.053999999999999923e-02 3.672000000000000264e-02
1.238999999999999997e-02 2.755000000000000157e-02
6.259999999999999939e-03 1.865999999999999950e-02
2.170000000000000054e-03 1.030000000000000013e-02
1.600000000000000131e-04 2.769999999999999893e-03
2.300000000000000070e-04 -3.449999999999999942e-03
3.370000000000000166e-03 -7.729999999999999892e-03
1.034000000000000023e-02 -1.069999999999999944e-02
2.070999999999999924e-02 -1.324000000000000003e-02
3.416999999999999899e-02 -1.529000000000006396e-02
5.052000000000000240e-02 -1.685000000000214451e-02
6.958999999999999908e-02 -1.786000000003827581e-02
9.117999999999999716e-02 -1.830000000043561018e-02
1.151200000000000001e-01 -1.810000000355105332e-02
1.411900000000000099e-01 -1.715000002229643411e-02
1.691100000000000103e-01 -1.524000011311588652e-02
1.990599999999999870e-01 -1.183000049074512880e-02
2.315699999999999981e-01 -6.970001914876021269e-03
2.666999999999999926e-01 -1.240006826642202050e-03
3.042699999999999849e-01 5.039977647185686291e-03
3.440400000000000125e-01 1.157993247253430620e-02
3.857499999999999818e-01 1.813981087305271966e-02
4.290900000000000269e-01 2.445950689938948541e-02
4.737000000000000099e-01 3.031879903469109072e-02
5.191900000000000404e-01 3.550725882431256253e-02
5.651500000000000412e-01 3.985411869655376693e-02
6.111299999999999510e-01 4.318810943663942831e-02
6.566600000000000215e-01 4.540729795077377146e-02
7.012699999999999489e-01 4.641898267409431955e-02
7.444600000000000106e-01 4.617976197168369851e-02
7.857499999999999485e-01 4.467582802671962033e-02
8.246499999999999941e-01 4.196362908426552046e-02
8.607099999999999751e-01 3.811075425390098720e-02
8.934900000000000064e-01 3.327708303864497508e-02
9.225499999999999812e-01 2.760592882919021135e-02
9.475400000000000489e-01 2.130428749620988035e-02
9.679100000000000481e-01 1.455438473405722653e-02
9.829900000000000304e-01 8.043076806087937417e-03
9.928399999999999448e-01 2.962624942793823987e-03
9.982799999999999452e-01 -3.462607607124148622e-05
1.000000000000000000e+00 -1.000000000000000021e-03
