1.000000000000000000e+00 1.000000000000000021e-03
9.499999999999999556e-01 9.180249409724609844e-03
9.000000000000000222e-01 1.738742048900000087e-02
8.000000000000000444e-01 3.333421772799999988e-02
6.999999999999999556e-01 4.844035360699999737e-02
5.999999999999999778e-01 6.231007769599999913e-02
5.000000000000000000e-01 7.450195312499999223e-02
4.000000000000000222e-01 8.450026214399999902e-02
2.999999999999999889e-01 9.140001968299998891e-02
2.000000000000000111e-01 8.940000051199999132e-02
1.499999999999999944e-01 8.245000003844335512e-02
1.000000000000000056e-01 7.000000000100001230e-02
7.499999999999999722e-02 6.068000000007508360e-02
5.000000000000000278e-02 4.735000000000195303e-02
2.500000000000000139e-02 2.973000000000000295e-02
1.250000000000000069e-02 1.915999999999999995e-02
0.000000000000000000e+00 0.000000000000000000e+00
1.250000000000000069e-02 -1.464000000000000024e-02
2.500000000000000139e-02 -1.768000000000000474e-02
5.000000000000000278e-02 -1.935000000000195244e-02
7.499999999999999722e-02 -2.053000000007508541e-02
1.000000000000000056e-01 -2.200000000099999742e-02
1.499999999999999944e-01 -2.405000003844335807e-02
2.000000000000000111e-01 -2.530000051200000100e-02
2.999999999999999889e-01 -2.490001968299999924e-02
4.000000000000000222e-01 -2.380026214400000201e-02
5.000000000000000000e-01 -2.230195312499999930e-02
5.999999999999999778e-01 -1.951007769600000136e-02
6.999999999999999556e-01 -1.594035360699999973e-02
8.000000000000000444e-01 -1.143421772799999882e-02
9.000000000000000222e-01 -6.487420489000000901e-03
9.499999999999999556e-01 -3.580249409724609033e-03
1.000000000000000000e+00 -1.000000000000000021e-03
