1.000000000000000000e+00 1.000000000000000021e-03
9.501199999999999646e-01 6.270966265915176377e-03
9.002400000000000402e-01 1.226835129058741723e-02
8.503300000000000303e-01 1.872242750107215234e-02
8.003900000000000459e-01 2.531480775790531657e-02
7.503999999999999559e-01 3.183544586259819814e-02
7.003800000000000026e-01 3.803055119184751282e-02
6.503299999999999637e-01 4.377080674276209726e-02
6.002499999999999503e-01 4.892011555040687298e-02
5.501399999999999624e-01 5.333461592780884553e-02
5.000000000000000000e-01 5.689195312500000545e-02
4.498500000000000276e-01 5.938075441362502399e-02
3.996799999999999797e-01 6.059026026259173303e-02
3.495099999999999874e-01 6.010007782810472543e-02
2.993399999999999950e-01 5.836001929668862415e-02
2.491899999999999948e-01 5.533000370489146724e-02
1.990500000000000047e-01 5.097000049052329701e-02
1.489399999999999891e-01 4.514000003606634392e-02
9.886999999999999955e-02 3.736000000090277523e-02
7.387000000000000510e-02 3.248000000006549814e-02
4.889999999999999902e-02 2.656000000000159969e-02
2.401000000000000009e-02 1.884000000000000258e-02
1.162999999999999971e-02 1.353999999999999995e-02
6.729999999999999871e-03 1.055999999999999994e-02
4.309999999999999595e-03 8.670000000000000623e-03
0.000000000000000000e+00 0.000000000000000000e+00
5.689999999999999745e-03 -7.669999999999999735e-03
8.269999999999999574e-03 -9.159999999999999740e-03
1.336999999999999994e-02 -1.140000000000000041e-02
2.598999999999999921e-02 -1.512000000000000496e-02
5.109999999999999959e-02 -2.024000000000237762e-02
7.613000000000000322e-02 -2.400000000008590401e-02
1.011299999999999977e-01 -2.702000000110641939e-02
1.510599999999999998e-01 -3.168000004095861827e-02
2.009499999999999897e-01 -3.505000053430851192e-02
2.508099999999999774e-01 -3.743000392738641408e-02
3.006599999999999828e-01 -3.892002007617063192e-02
3.504900000000000237e-01 -3.950007981429515258e-02
4.003200000000000092e-01 -3.917026403748789104e-02
4.501499999999999946e-01 -3.748075895371358324e-02
5.000000000000000000e-01 -3.483195312500000224e-02
5.498699999999999699e-01 -3.143459557897063800e-02
5.997500000000000053e-01 -2.750003996756440403e-02
6.496699999999999697e-01 -2.317061746728791075e-02
6.996200000000000196e-01 -1.859015687837456063e-02
7.496000000000000441e-01 -1.393472504769629680e-02
7.996199999999999974e-01 -9.393645036188868688e-03
8.496799999999999908e-01 -5.260833354308946247e-03
8.997699999999999587e-01 -1.926530332200976662e-03
9.498799999999999466e-01 5.046672242980877916e-05
1.000000000000000000e+00 -1.000000000000000021e-03
