1.000000000000000000e+00 1.000000000000000021e-03
9.498499999999999721e-01 1.439935435758722855e-02
8.997300000000000297e-01 2.632637570804381016e-02
7.995299999999999629e-01 4.480350971721817899e-02
6.993599999999999817e-01 6.035002276623887413e-02
5.992300000000000404e-01 7.235996189433203940e-02
4.991399999999999726e-01 8.149192309780482757e-02
3.990600000000000258e-01 8.873025665148648322e-02
2.990099999999999980e-01 9.337001910607228838e-02
1.990899999999999892e-01 8.631000049141115960e-02
1.491800000000000070e-01 7.778000003659278627e-02
9.930999999999999550e-02 6.525000000093958419e-02
7.437000000000000555e-02 5.594000000006959378e-02
4.952999999999999764e-02 4.453000000000179731e-02
2.469000000000000014e-02 2.926000000000000476e-02
1.230999999999999976e-02 1.782999999999999863e-02
0.000000000000000000e+00 0.000000000000000000e+00
1.263000000000000060e-02 -1.217000000000000026e-02
2.514999999999999875e-02 -1.383000000000000375e-02
5.016000000000000320e-02 -1.527000000000201113e-02
7.513999999999999846e-02 -1.350000000007635544e-02
1.001100000000000045e-01 -1.054000000100994462e-02
1.500299999999999967e-01 -3.210000038512612983e-03
1.999599999999999989e-01 3.619999488920863043e-03
2.998799999999999799e-01 1.137998038774553147e-02
3.998999999999999777e-01 9.739738445234520647e-03
4.999600000000000155e-01 4.198048280800083937e-03
6.000299999999999523e-01 -2.650082231870298354e-03
7.000800000000000356e-01 -7.120395132546692221e-03
8.000800000000000134e-01 -7.454338572284857981e-03
9.000500000000000167e-01 -4.647614242296801979e-03
9.500199999999999756e-01 -2.560368835458792357e-03
1.000000000000000000e+00 -1.000000000000000021e-03
