1.000000000000000000e+00 1.737000000000000046e-03
9.943210000000000104e-01 1.978000000000000157e-03
9.830010000000000137e-01 2.455000000000000151e-03
9.695740000000000469e-01 3.016000000000000018e-03
9.555019999999999625e-01 3.595999999999999804e-03
9.412970000000000503e-01 4.176000000000000024e-03
9.270680000000000032e-01 4.748999999999999749e-03
9.128330000000000055e-01 5.316000000000000413e-03
8.985969999999999791e-01 5.876000000000000147e-03
8.843590000000000062e-01 6.428999999999999819e-03
8.701200000000000045e-01 6.976000000000000430e-03
8.558799999999999741e-01 7.517000000000000244e-03
8.416360000000000507e-01 8.052999999999999395e-03
8.273890000000000411e-01 8.583999999999999617e-03
8.131420000000000314e-01 9.110999999999999308e-03
7.988950000000000218e-01 9.632999999999999202e-03
7.846480000000000121e-01 1.015100000000000030e-02
7.704020000000000312e-01 1.066499999999999913e-02
7.561560000000000503e-01 1.117399999999999990e-02
7.419109999999999872e-01 1.167799999999999915e-02
7.276660000000000350e-01 1.217700000000000032e-02
7.134209999999999718e-01 1.267099999999999997e-02
6.991770000000000485e-01 1.315900000000000056e-02
6.849330000000000140e-01 1.364199999999999961e-02
6.706889999999999796e-01 1.411899999999999961e-02
6.564449999999999452e-01 1.459000000000000054e-02
6.422020000000000506e-01 1.505599999999999994e-02
6.279580000000000162e-01 1.551600000000000028e-02
6.137150000000000105e-01 1.596900000000000056e-02
5.994709999999999761e-01 1.641700000000000104e-02
5.852279999999999704e-01 1.685800000000000146e-02
5.709849999999999648e-01 1.729400000000000034e-02
5.567419999999999591e-01 1.772299999999999917e-02
5.424989999999999535e-01 1.814500000000000141e-02
5.282550000000000301e-01 1.856199999999999864e-02
5.140120000000000244e-01 1.897199999999999928e-02
4.997690000000000188e-01 1.937499999999999986e-02
4.855260000000000131e-01 1.977200000000000138e-02
4.712830000000000075e-01 2.016199999999999937e-02
4.570409999999999751e-01 2.054500000000000076e-02
4.428000000000000269e-01 2.092199999999999963e-02
4.285619999999999985e-01 2.128999999999999990e-02
4.143249999999999988e-01 2.164999999999999911e-02
4.000909999999999744e-01 2.200099999999999972e-02
3.858610000000000095e-01 2.234200000000000075e-02
3.716349999999999931e-01 2.267200000000000118e-02
3.574149999999999827e-01 2.298899999999999902e-02
3.432000000000000051e-01 2.329200000000000020e-02
3.289920000000000067e-01 2.358000000000000027e-02
3.147909999999999875e-01 2.384899999999999867e-02
3.005990000000000051e-01 2.409800000000000136e-02
2.864169999999999772e-01 2.432499999999999940e-02
2.722459999999999880e-01 2.452599999999999919e-02
2.580890000000000128e-01 2.469800000000000120e-02
2.439469999999999972e-01 2.483700000000000144e-02
2.298229999999999995e-01 2.494000000000000036e-02
2.157219999999999971e-01 2.499900000000000039e-02
2.016459999999999919e-01 2.501000000000000098e-02
1.876009999999999900e-01 2.496400000000000008e-02
1.735899999999999943e-01 2.485400000000000109e-02
1.596160000000000079e-01 2.467099999999999849e-02
1.456870000000000109e-01 2.440499999999999961e-02
1.318130000000000135e-01 2.404500000000000040e-02
1.180159999999999959e-01 2.357800000000000173e-02
1.043250000000000011e-01 2.298400000000000096e-02
9.077699999999999658e-02 2.223800000000000082e-02
7.742300000000000570e-02 2.130999999999999908e-02
6.434099999999999542e-02 2.016300000000000037e-02
5.169900000000000190e-02 1.876799999999999996e-02
3.986399999999999666e-02 1.711100000000000121e-02
2.945400000000000101e-02 1.524099999999999934e-02
2.109400000000000164e-02 1.331199999999999918e-02
1.488100000000000013e-02 1.148500000000000042e-02
1.037100000000000001e-02 9.804999999999999480e-03
7.047000000000000312e-03 8.240000000000000796e-03
4.556000000000000154e-03 6.739000000000000198e-03
2.688999999999999984e-03 5.253999999999999990e-03
1.338999999999999913e-03 3.753999999999999958e-03
4.659999999999999971e-04 2.236999999999999839e-03
4.899999999999999842e-05 7.339999999999999520e-04
4.899999999999999842e-05 -7.100000000000000191e-04
4.659999999999999971e-04 -2.213000000000000123e-03
1.338999999999999913e-03 -3.730999999999999941e-03
2.688999999999999984e-03 -5.230000000000000274e-03
4.556000000000000154e-03 -6.714999999999999615e-03
7.047000000000000312e-03 -8.217000000000000345e-03
1.037100000000000001e-02 -9.780999999999999764e-03
1.488100000000000013e-02 -1.146100000000000070e-02
2.109400000000000164e-02 -1.328900000000000046e-02
2.945300000000000001e-02 -1.521800000000000062e-02
3.986300000000000260e-02 -1.708799999999999902e-02
5.169800000000000090e-02 -1.874500000000000124e-02
6.434099999999999542e-02 -2.014099999999999918e-02
7.742200000000000470e-02 -2.128700000000000037e-02
9.077599999999999558e-02 -2.221599999999999964e-02
1.043240000000000001e-01 -2.296199999999999977e-02
1.180149999999999949e-01 -2.355700000000000155e-02
1.318120000000000125e-01 -2.402400000000000022e-02
1.456860000000000099e-01 -2.438399999999999943e-02
1.596150000000000069e-01 -2.465099999999999930e-02
1.735889999999999933e-01 -2.483399999999999844e-02
1.875999999999999890e-01 -2.494400000000000089e-02
2.016449999999999909e-01 -2.498999999999999833e-02
2.157209999999999961e-01 -2.497999999999999873e-02
2.298219999999999985e-01 -2.492099999999999871e-02
2.439459999999999962e-01 -2.481900000000000078e-02
2.580879999999999841e-01 -2.468000000000000055e-02
2.722459999999999880e-01 -2.450799999999999854e-02
2.864169999999999772e-01 -2.430699999999999875e-02
3.005990000000000051e-01 -2.408100000000000171e-02
3.147909999999999875e-01 -2.383199999999999902e-02
3.289909999999999779e-01 -2.356300000000000061e-02
3.431989999999999763e-01 -2.327600000000000155e-02
3.574140000000000095e-01 -2.297300000000000036e-02
3.716349999999999931e-01 -2.265599999999999906e-02
3.858610000000000095e-01 -2.232699999999999962e-02
4.000909999999999744e-01 -2.198599999999999860e-02
4.143240000000000256e-01 -2.163500000000000145e-02
4.285610000000000253e-01 -2.127499999999999877e-02
4.428000000000000269e-01 -2.090699999999999850e-02
4.570400000000000018e-01 -2.053200000000000164e-02
4.712819999999999787e-01 -2.014900000000000024e-02
4.855249999999999844e-01 -1.975899999999999879e-02
4.997679999999999900e-01 -1.936200000000000074e-02
5.140120000000000244e-01 -1.895900000000000016e-02
5.282550000000000301e-01 -1.854899999999999952e-02
5.424980000000000357e-01 -1.813299999999999981e-02
5.567410000000000414e-01 -1.771100000000000105e-02
5.709840000000000471e-01 -1.728199999999999875e-02
5.852279999999999704e-01 -1.684700000000000086e-02
5.994709999999999761e-01 -1.640600000000000044e-02
6.137139999999999818e-01 -1.595900000000000096e-02
6.279580000000000162e-01 -1.550499999999999969e-02
6.422010000000000218e-01 -1.504600000000000035e-02
6.564449999999999452e-01 -1.458100000000000021e-02
6.706889999999999796e-01 -1.410999999999999928e-02
6.849330000000000140e-01 -1.363299999999999929e-02
6.991770000000000485e-01 -1.315000000000000023e-02
7.134209999999999718e-01 -1.266300000000000064e-02
7.276660000000000350e-01 -1.216899999999999926e-02
7.419109999999999872e-01 -1.167100000000000082e-02
7.561560000000000503e-01 -1.116699999999999984e-02
7.704020000000000312e-01 -1.065800000000000081e-02
7.846480000000000121e-01 -1.014499999999999950e-02
7.988950000000000218e-01 -9.627000000000000141e-03
8.131420000000000314e-01 -9.103999999999999246e-03
8.273890000000000411e-01 -8.578000000000000555e-03
8.416360000000000507e-01 -8.047000000000000333e-03
8.558789999999999454e-01 -7.511999999999999580e-03
8.701200000000000045e-01 -6.970999999999999766e-03
8.843590000000000062e-01 -6.425000000000000155e-03
8.985969999999999791e-01 -5.871999999999999616e-03
9.128330000000000055e-01 -5.311999999999999882e-03
9.270680000000000032e-01 -4.746000000000000218e-03
9.412970000000000503e-01 -4.172999999999999626e-03
9.555019999999999625e-01 -3.592999999999999840e-03
9.695730000000000182e-01 -3.013000000000000053e-03
9.829999999999999849e-01 -2.452999999999999885e-03
9.943210000000000104e-01 -1.975999999999999892e-03
1.000000000000000000e+00 -1.734999999999999997e-03
