1.000000000000000000e+00 1.000000000000000021e-03
9.503399999999999626e-01 8.962282384873081556e-03
9.010000000000000231e-01 2.134131195729392985e-02
8.518099999999999561e-01 3.573609381412847646e-02
8.026400000000000201e-01 5.110825702041601332e-02
7.533999999999999586e-01 6.671820428375013767e-02
7.039800000000000502e-01 8.197246615000527981e-02
6.542799999999999727e-01 9.639197216264119850e-02
6.042100000000000248e-01 1.094307322598486870e-01
5.536200000000000010e-01 1.205648854653673385e-01
5.021099999999999453e-01 1.289020285692485113e-01
4.502599999999999936e-01 1.336207606244877999e-01
3.988200000000000078e-01 1.347002552656410557e-01
3.475400000000000156e-01 1.325800739678799078e-01
2.963899999999999868e-01 1.276500176511059237e-01
2.453799999999999870e-01 1.200000032251688636e-01
1.945500000000000007e-01 1.095100003992832693e-01
1.439499999999999946e-01 9.572000002654025563e-02
9.371000000000000163e-02 7.773000000055726999e-02
6.880000000000000004e-02 6.651000000003454149e-02
4.413999999999999868e-02 5.315000000000064118e-02
1.992000000000000021e-02 3.631000000000000200e-02
8.130000000000000074e-03 2.553000000000000061e-02
3.629999999999999980e-03 1.991000000000000061e-02
1.549999999999999946e-03 1.619999999999999912e-02
0.000000000000000000e+00 0.000000000000000000e+00
8.449999999999999178e-03 -1.344000000000000056e-02
1.136999999999999990e-02 -1.602999999999999911e-02
1.686999999999999958e-02 -1.965000000000000080e-02
3.007999999999999910e-02 -2.595000000000002166e-02
5.585999999999999993e-02 -3.551000000000529427e-02
8.119999999999999440e-02 -4.275000000015346385e-02
1.062899999999999956e-01 -4.869000000173153569e-02
1.560499999999999943e-01 -5.780000005487492126e-02
2.054499999999999937e-01 -6.455000065216172367e-02
2.546200000000000130e-01 -6.952000449813643124e-02
3.036099999999999910e-01 -7.293002192020675567e-02
3.524599999999999955e-01 -7.486008394378199093e-02
4.011799999999999811e-01 -7.526026918661810061e-02
4.497399999999999731e-01 -7.370075275498461087e-02
4.978899999999999992e-01 -7.010188018521380793e-02
5.463799999999999768e-01 -6.484433963441084414e-02
5.957900000000000418e-01 -5.818945886192566919e-02
6.457199999999999607e-01 -5.058951632954591937e-02
6.960199999999999720e-01 -4.232833500042612607e-02
7.466000000000000414e-01 -3.367207619810855951e-02
7.973599999999999577e-01 -2.498028367703131539e-02
8.481899999999999995e-01 -1.656721569710513028e-02
8.990000000000000213e-01 -9.053563458231675409e-03
9.496599999999999486e-01 -3.198222246979725864e-03
1.000000000000000000e+00 -1.000000000000000021e-03
