1.000000000000000000e+00 1.000000000000000021e-03
9.939379999999999882e-01 1.489746379211464005e-03
9.861509999999999998e-01 1.983045066216072676e-03
9.766650000000000054e-01 2.595556961508905646e-03
9.655150000000000121e-01 3.386174088334600093e-03
9.527400000000000313e-01 4.383799375407855699e-03
9.383850000000000247e-01 5.620195363754076912e-03
9.224999999999999867e-01 7.122835102511116886e-03
9.051409999999999734e-01 8.916798982142684973e-03
8.863689999999999625e-01 1.102769997395210665e-02
8.662499999999999645e-01 1.347865608710554705e-02
8.448560000000000514e-01 1.628830282908114852e-02
8.222610000000000197e-01 1.947182534662123335e-02
7.985449999999999493e-01 2.304403666692519947e-02
7.737910000000000066e-01 2.701345189597468763e-02
7.480869999999999465e-01 3.138537852372360465e-02
7.215240000000000542e-01 3.616299770143117237e-02
6.941939999999999777e-01 4.134043929836844766e-02
6.661930000000000351e-01 4.691184643119714059e-02
6.376209999999999933e-01 5.286342061603803433e-02
6.085789999999999811e-01 5.917545124377971560e-02
5.791669999999999874e-01 6.582033219955744918e-02
5.494900000000000340e-01 7.276056707495323628e-02
5.196530000000000316e-01 7.993676325490517431e-02
4.897589999999999999e-01 8.727762121954009411e-02
4.599159999999999915e-01 9.470192067566975125e-02
4.302259999999999973e-01 1.021165049749960391e-01
4.007959999999999856e-01 1.092492668765452785e-01
3.717289999999999761e-01 1.152951355307964554e-01
3.431270000000000153e-01 1.194960659316643137e-01
3.150899999999999812e-01 1.219410306134010996e-01
2.877179999999999738e-01 1.227840135114915826e-01
2.611060000000000048e-01 1.221850056409423957e-01
2.353500000000000036e-01 1.202640022152759031e-01
2.105380000000000029e-01 1.171550008127826698e-01
1.867580000000000073e-01 1.130010002763840310e-01
1.640949999999999909e-01 1.079220000862696760e-01
1.426280000000000048e-01 1.020240000244254791e-01
1.224319999999999992e-01 9.543000000618094558e-02
1.035790000000000044e-01 8.828400000137229253e-02
8.613500000000000323e-02 8.071200000026099164e-02
7.016200000000000214e-02 7.282500000004120400e-02
5.571500000000000064e-02 6.473000000000517229e-02
4.284600000000000214e-02 5.652800000000048758e-02
3.159900000000000209e-02 4.831800000000003453e-02
2.201499999999999985e-02 4.019400000000000056e-02
1.412700000000000067e-02 3.222200000000000064e-02
7.962999999999999592e-03 2.436899999999999830e-02
3.543999999999999841e-03 1.641300000000000051e-02
8.869999999999999846e-04 8.080999999999999642e-03
0.000000000000000000e+00 0.000000000000000000e+00
8.869999999999999846e-04 -8.080999999999999642e-03
3.543999999999999841e-03 -1.553000000000000040e-02
7.962999999999999592e-03 -2.213800000000000143e-02
1.412700000000000067e-02 -2.727200000000000110e-02
2.201499999999999985e-02 -3.045499999999999943e-02
3.159900000000000209e-02 -3.154400000000003729e-02
4.284600000000000214e-02 -3.120200000000048629e-02
5.571500000000000064e-02 -3.010500000000517276e-02
7.016200000000000214e-02 -2.855400000004120267e-02
8.613500000000000323e-02 -2.666600000026098441e-02
1.035790000000000044e-01 -2.452900000137228642e-02
1.224319999999999992e-01 -2.221100000618094275e-02
1.426280000000000048e-01 -1.976700002442548232e-02
1.640949999999999909e-01 -1.724600008626966940e-02
1.867580000000000073e-01 -1.468900027638402050e-02
2.105380000000000029e-01 -1.213200081278267492e-02
2.353500000000000036e-01 -9.608002215275905644e-03
2.611060000000000048e-01 -7.151005640942398323e-03
2.877179999999999738e-01 -4.782013511491573811e-03
3.150899999999999812e-01 -2.532030613401109638e-03
3.431270000000000153e-01 -4.250659316643076290e-04
3.717289999999999761e-01 1.515864469203540401e-03
4.007959999999999856e-01 3.264733123454717067e-03
4.302259999999999973e-01 4.792495025003965826e-03
4.599159999999999915e-01 6.063079324330240480e-03
4.897589999999999999e-01 6.995378780459917192e-03
5.196530000000000316e-01 7.549236745094833022e-03
5.494900000000000340e-01 7.797432925046770061e-03
5.791669999999999874e-01 7.818667800442550414e-03
6.085789999999999811e-01 7.660548756220283105e-03
6.376209999999999933e-01 7.358579383961962560e-03
6.661930000000000351e-01 6.942153568802856764e-03
6.941939999999999777e-01 6.439560701631554494e-03
7.215240000000000542e-01 5.874002298568827343e-03
7.480869999999999465e-01 5.266621476276395035e-03
7.737910000000000066e-01 4.635548104025312421e-03
7.985449999999999493e-01 3.997963333074798856e-03
8.222610000000000197e-01 3.366174653378766445e-03
8.448560000000000514e-01 2.753697170918850516e-03
8.662499999999999645e-01 2.168343912894453267e-03
8.863689999999999625e-01 1.617300026047893127e-03
9.051409999999999734e-01 1.107201017857314517e-03
9.224999999999999867e-01 6.421648974888829889e-04
9.383850000000000247e-01 2.248046362459226984e-04
9.527400000000000313e-01 -1.417993754078561300e-04
9.655150000000000121e-01 -4.561740883345999972e-04
9.766650000000000054e-01 -7.155569615089057024e-04
9.861509999999999998e-01 -9.200450662160727499e-04
9.939379999999999882e-01 -1.043746379211464223e-03
1.000000000000000000e+00 -1.000000000000000021e-03
