1.000000000000000000e+00 1.000000000000000021e-03
9.499999999999999556e-01 5.530249409724609377e-03
9.000000000000000222e-01 1.015742048899999882e-02
8.000000000000000444e-01 1.973421772799999890e-02
6.999999999999999556e-01 2.954035360699999724e-02
5.999999999999999778e-01 3.881007769599999907e-02
5.000000000000000000e-01 4.670195312500000084e-02
4.000000000000000222e-01 5.180026214399999912e-02
2.999999999999999889e-01 5.310001968300000208e-02
2.000000000000000111e-01 4.860000051199999532e-02
1.499999999999999944e-01 4.350000003844335661e-02
1.000000000000000056e-01 3.590000000100000005e-02
7.499999999999999722e-02 3.080000000007508676e-02
5.000000000000000278e-02 2.470000000000195303e-02
2.500000000000000139e-02 1.660000000000000364e-02
1.250000000000000069e-02 1.110000000000000049e-02
0.000000000000000000e+00 0.000000000000000000e+00
1.250000000000000069e-02 -8.500000000000000611e-03
2.500000000000000139e-02 -1.190000000000000432e-02
5.000000000000000278e-02 -1.610000000000195303e-02
7.499999999999999722e-02 -1.870000000007508711e-02
1.000000000000000056e-01 -2.050000000099999956e-02
1.499999999999999944e-01 -2.310000003844335861e-02
2.000000000000000111e-01 -2.470000051200000116e-02
2.999999999999999889e-01 -2.640001968300000057e-02
4.000000000000000222e-01 -2.720026214399999878e-02
5.000000000000000000e-01 -2.680195312499999982e-02
5.999999999999999778e-01 -2.561007769600000261e-02
6.999999999999999556e-01 -2.284035360699999961e-02
8.000000000000000444e-01 -1.843421772799999983e-02
9.000000000000000222e-01 -1.158742048899999953e-02
9.499999999999999556e-01 -7.130249409724608370e-03
1.000000000000000000e+00 -1.000000000000000021e-03
