1.000000000000000000e+00 1.000000000000000021e-03
9.505099999999999660e-01 1.239330105665282719e-02
9.010399999999999521e-01 2.553146833612121580e-02
8.514300000000000201e-01 3.963514759194630005e-02
8.016699999999999937e-01 5.401676050193435219e-02
7.517599999999999838e-01 6.818668544191495984e-02
7.016799999999999704e-01 8.170123365966350248e-02
6.514499999999999735e-01 9.421113147419338252e-02
6.010799999999999477e-01 1.053202421350879631e-01
5.505900000000000238e-01 1.146746500205687996e-01
5.000000000000000000e-01 1.215819531249999891e-01
4.493400000000000172e-01 1.255607467508553510e-01
3.986500000000000044e-01 1.264002542880291735e-01
3.479599999999999915e-01 1.243300747762875053e-01
2.972899999999999987e-01 1.197600181393912860e-01
2.466800000000000104e-01 1.127100033822480696e-01
1.961600000000000010e-01 1.030400004300253691e-01
1.457499999999999907e-01 9.034000002968090026e-02
9.557000000000000217e-02 7.371000000066510460e-02
7.062000000000000222e-02 6.329000000004368631e-02
4.581999999999999962e-02 5.085000000000088755e-02
2.135000000000000092e-02 3.504999999999999782e-02
9.329999999999999752e-03 2.493000000000000077e-02
4.680000000000000132e-03 1.956000000000000100e-02
2.469999999999999973e-03 1.600999999999999993e-02
0.000000000000000000e+00 0.000000000000000000e+00
7.530000000000000235e-03 -1.400999999999999988e-02
1.031999999999999931e-02 -1.676000000000000059e-02
1.566999999999999990e-02 -2.065000000000000169e-02
2.864999999999999838e-02 -2.761000000000001300e-02
5.417000000000000287e-02 -3.821000000000401853e-02
7.938000000000000611e-02 -4.633000000012514608e-02
1.044299999999999951e-01 -5.303000000147715942e-02
1.542499999999999982e-01 -6.342000004943409985e-02
2.038399999999999934e-01 -7.120000060758172045e-02
2.533199999999999896e-01 -7.691000429561464791e-02
3.027099999999999791e-01 -8.088002134228487738e-02
3.520400000000000196e-01 -8.313008304779592739e-02
4.013499999999999845e-01 -8.356027021497024199e-02
4.506600000000000050e-01 -8.176076672762538911e-02
5.000000000000000000e-01 -7.746195312499999652e-02
5.494099999999999540e-01 -7.087456109417168693e-02
5.989200000000000079e-01 -6.247991560786362447e-02
6.485499999999999599e-01 -5.301029977260423437e-02
6.983200000000000518e-01 -4.281949029012178248e-02
7.482400000000000162e-01 -3.238351370175493460e-02
7.983299999999999841e-01 -2.217171706568784803e-02
8.485700000000000465e-01 -1.270813350054998681e-02
8.989599999999999813e-01 -4.843409889519609789e-03
9.494899999999999451e-01 2.527891592882064399e-04
1.000000000000000000e+00 -1.000000000000000021e-03
