1.000000000000000000e+00 1.000000000000000021e-03
9.000000000000000222e-01 1.088742048900000030e-02
8.000000000000000444e-01 2.313421772799999915e-02
6.999999999999999556e-01 3.544035360699999970e-02
5.999999999999999778e-01 4.851007769599999936e-02
5.000000000000000000e-01 5.890195312500000335e-02
4.500000000000000111e-01 6.270075668064258034e-02
4.000000000000000222e-01 6.560026214399999889e-02
3.499999999999999778e-01 6.850007881563867362e-02
2.999999999999999889e-01 7.050001968299998700e-02
2.500000000000000000e-01 7.110000381469726294e-02
2.000000000000000111e-01 7.060000051199999405e-02
1.499999999999999944e-01 6.740000003844336118e-02
1.000000000000000056e-01 6.040000000100000099e-02
7.499999999999999722e-02 5.350000000007508472e-02
5.000000000000000278e-02 4.440000000000195179e-02
2.500000000000000139e-02 3.100000000000000325e-02
1.250000000000000069e-02 1.919999999999999832e-02
0.000000000000000000e+00 0.000000000000000000e+00
1.250000000000000069e-02 -9.299999999999999239e-03
2.500000000000000139e-02 -1.340000000000000392e-02
5.000000000000000278e-02 -1.840000000000195299e-02
7.499999999999999722e-02 -2.210000000007508736e-02
1.000000000000000056e-01 -2.530000000099999827e-02
1.499999999999999944e-01 -3.080000003844336059e-02
2.000000000000000111e-01 -3.540000051199999886e-02
2.500000000000000000e-01 -3.810000381469726832e-02
2.999999999999999889e-01 -3.950001968300000110e-02
3.499999999999999778e-01 -4.000007881563867607e-02
4.000000000000000222e-01 -3.950026214400000069e-02
4.500000000000000111e-01 -3.780075668064258182e-02
5.000000000000000000e-01 -3.560195312500000209e-02
5.999999999999999778e-01 -2.961007769600000269e-02
6.999999999999999556e-01 -2.214035360700000038e-02
8.000000000000000444e-01 -1.373421772799999878e-02
9.000000000000000222e-01 -6.387420488999999771e-03
1.000000000000000000e+00 -1.000000000000000021e-03
