1.000000000000000000e+00 1.000000000000000021e-03
9.943499999999999561e-01 1.570284187258563606e-03
9.775199999999999445e-01 3.354949816270898395e-03
9.499999999999999556e-01 7.090249409724608265e-03
9.268899999999999917e-01 1.146495627112891803e-02
9.000000000000000222e-01 1.751742048899999904e-02
8.499999999999999778e-01 2.957161694628320306e-02
8.000000000000000444e-01 4.219421772799999970e-02
7.500000000000000000e-01 5.458508468627930321e-02
6.999999999999999556e-01 6.601035360699999965e-02
6.499899999999999567e-01 7.582070904521105714e-02
5.999999999999999778e-01 8.324007769600000328e-02
5.500000000000000444e-01 8.733460536658399498e-02
5.000000000000000000e-01 8.942195312499999493e-02
4.500000000000000111e-01 8.998075668064257904e-02
4.000000000000000222e-01 8.918026214399998874e-02
3.499999999999999778e-01 8.701007881563867230e-02
2.999999999999999889e-01 8.346001968300000018e-02
2.500000000000000000e-01 7.848000381469726061e-02
2.000000000000000111e-01 7.188000051199999740e-02
1.499999999999999944e-01 6.333000003844335701e-02
1.000000000000000056e-01 5.210000000099999917e-02
7.499999999999999722e-02 4.513000000007508922e-02
5.000000000000000278e-02 3.690000000000195207e-02
2.500000000000000139e-02 2.646000000000000435e-02
1.250000000000000069e-02 1.951999999999999916e-02
7.499999999999999722e-03 1.570999999999999827e-02
5.000000000000000104e-03 1.323000000000000044e-02
1.270000000000000078e-03 7.080000000000000356e-03
0.000000000000000000e+00 0.000000000000000000e+00
1.270000000000000078e-03 -7.080000000000000356e-03
5.000000000000000104e-03 -1.323000000000000044e-02
7.499999999999999722e-03 -1.570999999999999827e-02
1.250000000000000069e-02 -1.951999999999999916e-02
2.500000000000000139e-02 -2.646000000000000435e-02
5.000000000000000278e-02 -3.690000000000195207e-02
7.499999999999999722e-02 -4.513000000007508922e-02
1.000000000000000056e-01 -5.210000000099999917e-02
1.499999999999999944e-01 -6.333000003844335701e-02
2.000000000000000111e-01 -7.188000051199999740e-02
2.500000000000000000e-01 -7.848000381469726061e-02
2.999999999999999889e-01 -8.346001968300000018e-02
3.499999999999999778e-01 -8.701007881563867230e-02
4.000000000000000222e-01 -8.918026214399998874e-02
4.500000000000000111e-01 -8.998075668064257904e-02
5.000000000000000000e-01 -8.942195312499999493e-02
5.500000000000000444e-01 -8.733460536658399498e-02
5.999999999999999778e-01 -8.324007769600000328e-02
6.499899999999999567e-01 -7.582070904521105714e-02
6.999999999999999556e-01 -6.601035360699999965e-02
7.500000000000000000e-01 -5.458508468627930321e-02
8.000000000000000444e-01 -4.219421772799999970e-02
8.499999999999999778e-01 -2.957161694628320306e-02
8.760700000000000154e-01 -2.320398298696822389e-02
9.000000000000000222e-01 -1.751742048899999904e-02
9.499999999999999556e-01 -7.090249409724608265e-03
9.775199999999999445e-01 -3.354949816270898395e-03
9.943499999999999561e-01 -1.570284187258563606e-03
1.000000000000000000e+00 -1.000000000000000021e-03
