1.000000000000000000e+00 1.000000000000000021e-03
9.503200000000000536e-01 1.039216263694170243e-02
9.006600000000000161e-01 2.020998497753631606e-02
8.509200000000000097e-01 3.043388296065200477e-02
8.010899999999999688e-01 4.075587257131927515e-02
7.511499999999999844e-01 5.091612723290755288e-02
7.011100000000000110e-01 6.059093317704212361e-02
6.509599999999999831e-01 6.956098885401519605e-02
6.008700000000000152e-01 7.763020997529997136e-02
5.504000000000000004e-01 8.456463559864287050e-02
5.000000000000000000e-01 9.016195312499999948e-02
4.495399999999999952e-01 9.414074974757752345e-02
3.990400000000000058e-01 9.614025653574446995e-02
3.485300000000000065e-01 9.541007588597118227e-02
2.980300000000000171e-01 9.260001854982621849e-02
2.475600000000000023e-01 8.771000349240230809e-02
1.971400000000000097e-01 8.066000044975164818e-02
1.468099999999999961e-01 7.122000003168113547e-02
9.661999999999999755e-02 5.864000000073384122e-02
7.162000000000000310e-02 5.075000000004958184e-02
4.673000000000000070e-02 4.121000000000105828e-02
2.206999999999999934e-02 2.883000000000000146e-02
9.960000000000000103e-03 2.037999999999999881e-02
5.259999999999999919e-03 1.578999999999999848e-02
2.990000000000000036e-03 1.290999999999999960e-02
0.000000000000000000e+00 0.000000000000000000e+00
7.009999999999999738e-03 -1.090999999999999956e-02
9.740000000000000394e-03 -1.298999999999999981e-02
1.503999999999999955e-02 -1.609999999999999973e-02
2.792999999999999997e-02 -2.139000000000000970e-02
5.326999999999999791e-02 -2.857000000000345721e-02
7.838000000000000522e-02 -3.379000000011164739e-02
1.033799999999999997e-01 -3.796000000134874125e-02
1.531899999999999928e-01 -4.430000004645941181e-02
2.028600000000000125e-01 -4.882000058179206126e-02
2.524399999999999977e-01 -5.191000416316422783e-02
3.019700000000000162e-01 -5.372002087729321057e-02
3.514700000000000046e-01 -5.421008184541450253e-02
4.009599999999999831e-01 -5.330026786097408209e-02
4.504600000000000271e-01 -5.034076367063713281e-02
5.000000000000000000e-01 -4.604195312499999998e-02
5.495999999999999774e-01 -4.076457530990996309e-02
5.992800000000000349e-01 -3.478996937785078930e-02
6.490399999999999503e-01 -2.836043822456854602e-02
6.988900000000000112e-01 -2.170978134277094795e-02
7.488500000000000156e-01 -1.511405485009132722e-02
7.989699999999999580e-01 -8.912670465588060434e-03
8.490799999999999459e-01 -3.509370468218726748e-03
8.993400000000000283e-01 4.751289985867472089e-04
9.496799999999999686e-01 2.251658668789222485e-03
1.000000000000000000e+00 -1.000000000000000021e-03
