1.000000000000000000e+00 1.000000000000000021e-03
9.991700000000000026e-01 1.102554752429640026e-03
9.967099999999999849e-01 1.470776690965566041e-03
9.927000000000000268e-01 2.146186117790438875e-03
9.872300000000000519e-01 3.140769007624722321e-03
9.804000000000000492e-01 4.446815514179721165e-03
9.722899999999999876e-01 6.006537389682034198e-03
9.629400000000000182e-01 7.761857470287934942e-03
9.524000000000000243e-01 9.644724955105517597e-03
9.406499999999999861e-01 1.160657065979406842e-02
9.276799999999999491e-01 1.364884292810505766e-02
9.135199999999999987e-01 1.580305999629110295e-02
8.982200000000000184e-01 1.806057870896913761e-02
8.818399999999999572e-01 2.042248398337158030e-02
8.644300000000000317e-01 2.287950602324657912e-02
8.460600000000000342e-01 2.542213166237563063e-02
8.267700000000000049e-01 2.803049384044902642e-02
8.066400000000000237e-01 3.070458318503639303e-02
7.857399999999999940e-01 3.342415889665993622e-02
7.641200000000000214e-01 3.616880841173008426e-02
7.418500000000000094e-01 3.891805262927255926e-02
7.190199999999999925e-01 4.165136517079853079e-02
6.956599999999999451e-01 4.431815691827049875e-02
6.718499999999999472e-01 4.693789015279289240e-02
6.476499999999999480e-01 4.948004764340489109e-02
6.231299999999999617e-01 5.192416471836953235e-02
5.983600000000000030e-01 5.422983247795924722e-02
5.733800000000000008e-01 5.641669858176232705e-02
5.482799999999999896e-01 5.845447735610199286e-02
5.231200000000000294e-01 6.033293367445467098e-02
4.979600000000000137e-01 6.202188256562522761e-02
4.728600000000000025e-01 6.351118193393218148e-02
4.478800000000000003e-01 6.481072519537525722e-02
4.231099999999999861e-01 6.590043458987915326e-02
3.985899999999999999e-01 6.674025394378509113e-02
3.743600000000000261e-01 6.735014441255356143e-02
3.504999999999999782e-01 6.772007983479247373e-02
3.270899999999999919e-01 6.785004285538501212e-02
3.041499999999999759e-01 6.771002227359852743e-02
2.817299999999999804e-01 6.730001118144307570e-02
2.598900000000000099e-01 6.665000540886474589e-02
2.387100000000000055e-01 6.573000251672356242e-02
2.182000000000000051e-01 6.454000112122484922e-02
1.984100000000000030e-01 6.308000047650999531e-02
1.793899999999999939e-01 6.138000019239069766e-02
1.612000000000000099e-01 5.942000007349965834e-02
1.438599999999999879e-01 5.719000002639128277e-02
1.273799999999999932e-01 5.472000000882899090e-02
1.117999999999999966e-01 5.204000000272883397e-02
9.718999999999999861e-02 4.913000000077373530e-02
8.354999999999999927e-02 4.599000000019839302e-02
7.087000000000000244e-02 4.265000000004509628e-02
5.918999999999999956e-02 3.916000000000891684e-02
4.855999999999999900e-02 3.553000000000149788e-02
3.896000000000000157e-02 3.174000000000020555e-02
3.039000000000000035e-02 2.785000000000002057e-02
2.287000000000000144e-02 2.392000000000000029e-02
1.643000000000000016e-02 1.997000000000000164e-02
1.107999999999999957e-02 1.597000000000000156e-02
6.749999999999999924e-03 1.201999999999999943e-02
3.449999999999999942e-03 8.200000000000000691e-03
1.229999999999999974e-03 4.629999999999999567e-03
1.299999999999999886e-04 1.360000000000000098e-03
2.000000000000000096e-04 -1.389999999999999960e-03
2.030000000000000120e-03 -3.680000000000000111e-03
5.369999999999999774e-03 -6.000000000000000125e-03
1.005999999999999950e-02 -8.269999999999999574e-03
1.606000000000000136e-02 -1.042000000000000044e-02
2.335999999999999882e-02 -1.243000000000000181e-02
3.194000000000000311e-02 -1.431000000000003450e-02
4.177000000000000157e-02 -1.603000000000038769e-02
5.283999999999999808e-02 -1.758000000000321111e-02
6.511999999999999733e-02 -1.897000000002106029e-02
7.858999999999999320e-02 -2.018000000011436687e-02
9.321999999999999731e-02 -2.122000000053159488e-02
1.089600000000000013e-01 -2.208000000216472913e-02
1.257999999999999952e-01 -2.276000000789088484e-02
1.436999999999999944e-01 -2.326000002612828646e-02
1.625999999999999945e-01 -2.360000007944834666e-02
1.824600000000000111e-01 -2.378000022413466474e-02
2.032499999999999862e-01 -2.379000059193631805e-02
2.248900000000000066e-01 -2.367000147140185806e-02
2.473499999999999865e-01 -2.340000346582980784e-02
2.705500000000000127e-01 -2.301000776654466701e-02
2.944499999999999895e-01 -2.249001663811140556e-02
3.189600000000000213e-01 -2.188003416850710023e-02
3.440300000000000025e-01 -2.117006750980273203e-02
3.695800000000000196e-01 -2.037012864003517540e-02
3.955299999999999927e-01 -1.951023692716808561e-02
4.218299999999999828e-01 -1.858042289949509221e-02
4.483800000000000008e-01 -1.759073251427712564e-02
4.751000000000000223e-01 -1.657123329018086316e-02
5.019299999999999873e-01 -1.551202203368110509e-02
5.287699999999999623e-01 -1.442323147846135030e-02
5.555299999999999683e-01 -1.331503927027725097e-02
5.821499999999999453e-01 -1.217767916706723012e-02
6.085300000000000153e-01 -1.100144294843531483e-02
6.345899999999999874e-01 -9.786689334417300601e-03
6.602999999999999980e-01 -8.463860067912285304e-03
6.856700000000000017e-01 -7.103499346458478324e-03
7.106200000000000294e-01 -5.746210092375864630e-03
7.350700000000000012e-01 -4.442655368192224320e-03
7.589299999999999935e-01 -3.213524807780533590e-03
7.821200000000000374e-01 -2.079511700920109313e-03
8.045700000000000074e-01 -1.061277992454074878e-03
8.261800000000000255e-01 -1.793379070645988681e-04
8.468700000000000117e-01 5.659470141026959203e-04
8.665599999999999969e-01 1.144458038941595498e-03
8.851799999999999669e-01 1.576355219509352305e-03
9.026499999999999524e-01 1.842191115369138255e-03
9.188899999999999846e-01 1.952941019168137919e-03
9.338199999999999834e-01 1.910031356827794711e-03
9.473799999999999999e-01 1.725222577984460853e-03
9.595000000000000195e-01 1.430705502466182808e-03
9.701100000000000279e-01 1.048992683369118564e-03
9.791699999999999848e-01 6.025859502811602847e-04
9.866300000000000070e-01 1.540915370448891087e-04
9.924699999999999633e-01 -2.842357700006745277e-04
9.966500000000000359e-01 -6.502508678044654437e-04
9.991600000000000481e-01 -9.024653518755435411e-04
1.000000000000000000e+00 -1.000000000000000021e-03
