1.000000000000000000e+00 1.000000000000000021e-03
9.500600000000000156e-01 5.170607747275357720e-03
9.001299999999999857e-01 9.387924426729631414e-03
8.504899999999999682e-01 1.379282140416915499e-02
8.002200000000000424e-01 1.817455028251913074e-02
7.502299999999999525e-01 2.244529217440212679e-02
7.002300000000000191e-01 2.646047309533652858e-02
6.502000000000000002e-01 3.014076933954699944e-02
6.001499999999999613e-01 3.339010039350404774e-02
5.500800000000000134e-01 3.612461139893639178e-02
5.000000000000000000e-01 3.826195312500000473e-02
4.499099999999999766e-01 3.972075531970652856e-02
3.998099999999999987e-01 4.042026102546130567e-02
3.497000000000000108e-01 4.030007820971275023e-02
2.995999999999999774e-01 3.926001944805980470e-02
2.494999999999999996e-01 3.736000374657947459e-02
1.994100000000000039e-01 3.451000049856570162e-02
1.493400000000000005e-01 3.058000003694752097e-02
9.929999999999999938e-02 2.526000000093873640e-02
7.428999999999999493e-02 2.189000000006892377e-02
4.932000000000000273e-02 1.776000000000172926e-02
2.437999999999999889e-02 1.241000000000000263e-02
1.196999999999999974e-02 8.760000000000000425e-03
7.029999999999999791e-03 6.769999999999999976e-03
4.579999999999999870e-03 5.510000000000000141e-03
0.000000000000000000e+00 0.000000000000000000e+00
5.420000000000000338e-03 -4.510000000000000120e-03
7.969999999999999654e-03 -5.369999999999999774e-03
1.302999999999999992e-02 -6.620000000000000016e-03
2.562000000000000041e-02 -8.690000000000005012e-03
5.068000000000000282e-02 -1.144000000000220535e-02
7.570999999999999952e-02 -1.341000000008172981e-02
1.006999999999999978e-01 -1.492000000106479159e-02
1.506599999999999884e-01 -1.712000003999278666e-02
2.005899999999999905e-01 -1.859000052575511194e-02
2.505000000000000004e-01 -1.946000388391370614e-02
3.004000000000000004e-01 -1.982001992045964028e-02
3.503000000000000003e-01 -1.970007942573379425e-02
4.001899999999999902e-01 -1.900026326679722655e-02
4.500899999999999901e-01 -1.782075804375786096e-02
5.000000000000000000e-01 -1.620195312499999804e-02
5.499199999999999644e-01 -1.422459934124695700e-02
5.998499999999999943e-01 -1.197005504384559410e-02
6.498000000000000442e-01 -9.540654627312994060e-03
6.997700000000000031e-01 -7.020234432334647445e-03
7.492699999999999916e-01 -4.544429499428369323e-03
7.997800000000000464e-01 -2.253885904296591344e-03
8.498099999999999543e-01 -3.311514038901460606e-04
8.998699999999999477e-01 9.530828667379215129e-04
9.499400000000000066e-01 1.150108746817109402e-03
1.000000000000000000e+00 -1.000000000000000021e-03
