9.999890000000000168e-01 1.260000000000000052e-03
9.993030000000000523e-01 1.350000000000000071e-03
9.972480000000000233e-01 1.621000000000000045e-03
9.938289999999999624e-01 2.072000000000000057e-03
9.890569999999999640e-01 2.701999999999999975e-03
9.829459999999999864e-01 3.511999999999999931e-03
9.755139999999999922e-01 4.499999999999999660e-03
9.667839999999999767e-01 5.664999999999999897e-03
9.567799999999999638e-01 7.007000000000000207e-03
9.455329999999999568e-01 8.522999999999999327e-03
9.330749999999999877e-01 1.021099999999999959e-02
9.194419999999999815e-01 1.206899999999999987e-02
9.046729999999999494e-01 1.409400000000000062e-02
8.888089999999999602e-01 1.628200000000000133e-02
8.718949999999999756e-01 1.862799999999999873e-02
8.539790000000000436e-01 2.112699999999999995e-02
8.351089999999999902e-01 2.377299999999999899e-02
8.153380000000000072e-01 2.655700000000000074e-02
7.947189999999999532e-01 2.947200000000000167e-02
7.733079999999999954e-01 3.250499999999999917e-02
7.511619999999999964e-01 3.564500000000000307e-02
7.283410000000000162e-01 3.887899999999999689e-02
7.049060000000000326e-01 4.219099999999999934e-02
6.809180000000000232e-01 4.556400000000000033e-02
6.564400000000000235e-01 4.897900000000000170e-02
6.315370000000000150e-01 5.241500000000000326e-02
6.062750000000000083e-01 5.584999999999999687e-02
5.807189999999999852e-01 5.926000000000000018e-02
5.549370000000000136e-01 6.261899999999999411e-02
5.289960000000000218e-01 6.590100000000000124e-02
5.029649999999999954e-01 6.907800000000000051e-02
4.769129999999999758e-01 7.212399999999999367e-02
4.509090000000000042e-01 7.500999999999999335e-02
4.249950000000000117e-01 7.770699999999999830e-02
3.991660000000000208e-01 8.016099999999999615e-02
3.734879999999999867e-01 8.230099999999999916e-02
3.480329999999999813e-01 8.406199999999999783e-02
3.228759999999999963e-01 8.538199999999999956e-02
2.980970000000000009e-01 8.620899999999999397e-02
2.737769999999999926e-01 8.649900000000000644e-02
2.500000000000000000e-01 8.622000000000000497e-02
2.268529999999999991e-01 8.534899999999999431e-02
2.044219999999999926e-01 8.387799999999999423e-02
1.827950000000000130e-01 8.180800000000000571e-02
1.620550000000000046e-01 7.915600000000000414e-02
1.422869999999999968e-01 7.594800000000000162e-02
1.235689999999999983e-01 7.222299999999999554e-02
1.059749999999999998e-01 6.802999999999999325e-02
8.957299999999999984e-02 6.342499999999999527e-02
7.442300000000000304e-02 5.847399999999999820e-02
6.058000000000000190e-02 5.324299999999999866e-02
4.808699999999999780e-02 4.780600000000000127e-02
3.698300000000000198e-02 4.223400000000000071e-02
2.729600000000000082e-02 3.659599999999999659e-02
1.904700000000000143e-02 3.096000000000000141e-02
1.224899999999999947e-02 2.538599999999999884e-02
6.906999999999999945e-03 1.992700000000000027e-02
3.020999999999999814e-03 1.463000000000000064e-02
5.839999999999999922e-04 9.528000000000000011e-03
-4.169999999999999987e-04 4.647000000000000089e-03
0.000000000000000000e+00 0.000000000000000000e+00
1.786999999999999960e-03 -4.309000000000000330e-03
4.893999999999999913e-03 -8.184000000000000302e-03
9.289999999999999647e-03 -1.163900000000000004e-02
1.494499999999999995e-02 -1.469099999999999920e-02
2.182600000000000165e-02 -1.736199999999999896e-02
2.989699999999999996e-02 -1.967700000000000005e-02
3.912299999999999806e-02 -2.166799999999999976e-02
4.947100000000000108e-02 -2.336600000000000135e-02
6.090600000000000180e-02 -2.480399999999999966e-02
7.339500000000000191e-02 -2.601799999999999946e-02
8.690599999999999714e-02 -2.704099999999999906e-02
1.014100000000000001e-01 -2.790899999999999978e-02
1.168789999999999968e-01 -2.865300000000000138e-02
1.332859999999999878e-01 -2.930500000000000119e-02
1.506059999999999899e-01 -2.989199999999999843e-02
1.688139999999999918e-01 -3.043999999999999831e-02
1.878849999999999965e-01 -3.097099999999999853e-02
2.077930000000000055e-01 -3.150100000000000122e-02
2.285079999999999889e-01 -3.204300000000000204e-02
2.500000000000000000e-01 -3.260500000000000204e-02
2.722330000000000028e-01 -3.318700000000000122e-02
2.951659999999999839e-01 -3.378500000000000253e-02
3.187559999999999838e-01 -3.438900000000000290e-02
3.429499999999999771e-01 -3.497900000000000315e-02
3.676929999999999921e-01 -3.553300000000000208e-02
3.929219999999999935e-01 -3.602199999999999847e-02
4.185710000000000264e-01 -3.640899999999999692e-02
4.445629999999999860e-01 -3.665500000000000008e-02
4.707509999999999750e-01 -3.673099999999999976e-02
4.970350000000000046e-01 -3.663600000000000190e-02
5.233400000000000274e-01 -3.637499999999999761e-02
5.495919999999999694e-01 -3.595199999999999785e-02
5.757149999999999768e-01 -3.537400000000000266e-02
6.016369999999999774e-01 -3.464600000000000318e-02
6.272820000000000062e-01 -3.377399999999999847e-02
6.525769999999999627e-01 -3.276400000000000146e-02
6.774499999999999966e-01 -3.162500000000000033e-02
7.018309999999999826e-01 -3.036499999999999963e-02
7.256489999999999885e-01 -2.899200000000000041e-02
7.488380000000000036e-01 -2.751800000000000079e-02
7.713309999999999889e-01 -2.595400000000000137e-02
7.930669999999999664e-01 -2.431300000000000128e-02
8.139830000000000121e-01 -2.261000000000000162e-02
8.340220000000000411e-01 -2.085899999999999907e-02
8.531279999999999974e-01 -1.907800000000000121e-02
8.712499999999999689e-01 -1.728400000000000075e-02
8.883370000000000433e-01 -1.549599999999999936e-02
9.043440000000000367e-01 -1.373300000000000042e-02
9.192280000000000451e-01 -1.201499999999999964e-02
9.329499999999999460e-01 -1.036100000000000042e-02
9.454730000000000079e-01 -8.793000000000000468e-03
9.567649999999999766e-01 -7.328000000000000312e-03
9.667970000000000175e-01 -5.987000000000000134e-03
9.755420000000000202e-01 -4.785000000000000191e-03
9.829799999999999649e-01 -3.739000000000000136e-03
9.890910000000000535e-01 -2.863000000000000093e-03
9.938590000000000479e-01 -2.168999999999999921e-03
9.972739999999999938e-01 -1.665999999999999946e-03
9.993260000000000476e-01 -1.361999999999999929e-03
1.000010999999999983e+00 -1.260000000000000052e-03
