1.000000000000000000e+00 1.000000000000000021e-03
9.991600000000000481e-01 1.002465351875543587e-03
9.966500000000000359e-01 1.080250867804465487e-03
9.925399999999999778e-01 1.264828971419330568e-03
9.868799999999999795e-01 1.597930817375827189e-03
9.797500000000000098e-01 2.081835497449567411e-03
9.711999999999999522e-01 2.718737493899360362e-03
9.613000000000000433e-01 3.471020116713369012e-03
9.500899999999999901e-01 4.310786983954129591e-03
9.375700000000000145e-01 5.209800552285456625e-03
9.237699999999999800e-01 6.169863055911234233e-03
9.087199999999999722e-01 7.212542870991295318e-03
8.924699999999999855e-01 8.349205218677302129e-03
8.750900000000000345e-01 9.580936239089505105e-03
8.566300000000000026e-01 1.089839309428339981e-02
8.371399999999999952e-01 1.230192163023915812e-02
8.167100000000000470e-01 1.379166308385950356e-02
7.953799999999999759e-01 1.535740075368660293e-02
7.732400000000000384e-01 1.699881635026994492e-02
7.503499999999999615e-01 1.870540063126704955e-02
7.267799999999999816e-01 2.045657527953404289e-02
7.026099999999999568e-01 2.226172813165444575e-02
6.779100000000000126e-01 2.410023767278072007e-02
6.527800000000000269e-01 2.596152293824396939e-02
6.272900000000000142e-01 2.782503887252924316e-02
6.015200000000000546e-01 2.966030980963525743e-02
5.755299999999999860e-01 3.145692806093457194e-02
5.493799999999999795e-01 3.319455885317409982e-02
5.231700000000000239e-01 3.487293619903476805e-02
4.969700000000000228e-01 3.647184914750922075e-02
4.708300000000000263e-01 3.795113704366789853e-02
4.448300000000000032e-01 3.933068194071605989e-02
4.190400000000000236e-01 4.059039838165340308e-02
3.935400000000000009e-01 4.172022641225572870e-02
3.683799999999999852e-01 4.269012492932456465e-02
3.436400000000000010e-01 4.351006682414230997e-02
3.193699999999999872e-01 4.417003456583596527e-02
2.956599999999999784e-01 4.465001726367109208e-02
2.725500000000000145e-01 4.492000829880724716e-02
2.500800000000000245e-01 4.500000382569766672e-02
2.283300000000000052e-01 4.488000168681242213e-02
2.073599999999999888e-01 4.455000070880187762e-02
1.872000000000000053e-01 4.398000028232711828e-02
1.678800000000000014e-01 4.319000010592308897e-02
1.494699999999999918e-01 4.219000003723799574e-02
1.320199999999999985e-01 4.097000001218309428e-02
1.155499999999999999e-01 3.949000000367222651e-02
1.000700000000000062e-01 3.778000000100632111e-02
8.562999999999999778e-02 3.587000000024753027e-02
7.227999999999999703e-02 3.375000000005384804e-02
6.003000000000000003e-02 3.139000000001012508e-02
4.886000000000000065e-02 2.882000000000158393e-02
3.880999999999999728e-02 2.609000000000019984e-02
2.994000000000000133e-02 2.320000000000001922e-02
2.222000000000000017e-02 2.009000000000000022e-02
1.559999999999999928e-02 1.684000000000000080e-02
1.010999999999999920e-02 1.352000000000000077e-02
5.830000000000000113e-03 1.017999999999999981e-02
2.769999999999999893e-03 6.720000000000000279e-03
7.799999999999999859e-04 3.249999999999999851e-03
0.000000000000000000e+00 0.000000000000000000e+00
7.799999999999999859e-04 -3.249999999999999851e-03
2.769999999999999893e-03 -6.720000000000000279e-03
5.830000000000000113e-03 -1.017999999999999981e-02
1.010999999999999920e-02 -1.352000000000000077e-02
1.559999999999999928e-02 -1.684000000000000080e-02
2.222000000000000017e-02 -2.009000000000000022e-02
2.994000000000000133e-02 -2.320000000000001922e-02
3.880999999999999728e-02 -2.609000000000019984e-02
4.886000000000000065e-02 -2.882000000000158393e-02
6.003000000000000003e-02 -3.139000000001012508e-02
7.227999999999999703e-02 -3.375000000005384804e-02
8.562999999999999778e-02 -3.587000000024753027e-02
1.000700000000000062e-01 -3.778000000100632111e-02
1.155499999999999999e-01 -3.949000000367222651e-02
1.320199999999999985e-01 -4.097000001218309428e-02
1.494699999999999918e-01 -4.219000003723799574e-02
1.678800000000000014e-01 -4.319000010592308897e-02
1.872000000000000053e-01 -4.398000028232711828e-02
2.073599999999999888e-01 -4.455000070880187762e-02
2.283300000000000052e-01 -4.488000168681242213e-02
2.500800000000000245e-01 -4.500000382569766672e-02
2.725500000000000145e-01 -4.492000829880724716e-02
2.956599999999999784e-01 -4.465001726367109208e-02
3.193699999999999872e-01 -4.417003456583596527e-02
3.436400000000000010e-01 -4.351006682414230997e-02
3.683799999999999852e-01 -4.269012492932456465e-02
3.935400000000000009e-01 -4.172022641225572870e-02
4.190400000000000236e-01 -4.059039838165340308e-02
4.448300000000000032e-01 -3.933068194071605989e-02
4.708300000000000263e-01 -3.795113704366789853e-02
4.969700000000000228e-01 -3.647184914750922075e-02
5.231700000000000239e-01 -3.487293619903476805e-02
5.493799999999999795e-01 -3.319455885317409982e-02
5.755299999999999860e-01 -3.145692806093457194e-02
6.015200000000000546e-01 -2.966030980963525743e-02
6.272900000000000142e-01 -2.782503887252924316e-02
6.527800000000000269e-01 -2.596152293824396939e-02
6.779100000000000126e-01 -2.410023767278072007e-02
7.026099999999999568e-01 -2.226172813165444575e-02
7.267799999999999816e-01 -2.045657527953404289e-02
7.503499999999999615e-01 -1.870540063126704955e-02
7.732400000000000384e-01 -1.699881635026994492e-02
7.953799999999999759e-01 -1.535740075368660293e-02
8.167100000000000470e-01 -1.379166308385950356e-02
8.371399999999999952e-01 -1.230192163023915812e-02
8.566300000000000026e-01 -1.089839309428339981e-02
8.750900000000000345e-01 -9.580936239089505105e-03
8.924699999999999855e-01 -8.349205218677302129e-03
9.087199999999999722e-01 -7.212542870991295318e-03
9.237699999999999800e-01 -6.169863055911234233e-03
9.375700000000000145e-01 -5.209800552285456625e-03
9.500899999999999901e-01 -4.310786983954129591e-03
9.613000000000000433e-01 -3.471020116713369012e-03
9.711999999999999522e-01 -2.718737493899360362e-03
9.797500000000000098e-01 -2.081835497449567411e-03
9.868799999999999795e-01 -1.597930817375827189e-03
9.925399999999999778e-01 -1.264828971419330568e-03
9.966500000000000359e-01 -1.080250867804465487e-03
9.991600000000000481e-01 -1.002465351875543587e-03
1.000000000000000000e+00 -1.000000000000000021e-03
