1.000000000000000000e+00 1.000000000000000021e-03
9.961600000000000454e-01 1.185966112550853289e-03
9.851299999999999502e-01 2.213860085476712734e-03
9.677799999999999736e-01 4.214714457669287498e-03
9.445099999999999607e-01 6.938217403344262499e-03
9.155600000000000405e-01 1.046204460901021920e-02
8.814600000000000213e-01 1.491123546197613628e-02
8.428200000000000136e-01 2.028459198410667574e-02
8.003000000000000114e-01 2.652467139290412557e-02
7.546000000000000485e-01 3.348933251230989255e-02
7.064399999999999569e-01 4.101382052099788317e-02
6.565600000000000325e-01 4.884267095337326697e-02
6.057099999999999707e-01 5.666097444821553697e-02
5.544700000000000184e-01 6.395495338950596409e-02
5.032400000000000206e-01 7.044207002877778123e-02
4.525100000000000233e-01 7.597079552462940311e-02
4.027700000000000169e-01 8.035027894208006394e-02
3.544999999999999818e-01 8.339008841911337011e-02
3.081099999999999950e-01 8.495002502373577569e-02
2.639799999999999924e-01 8.492000622499805418e-02
2.224700000000000011e-01 8.324000133488265729e-02
1.838500000000000134e-01 7.984000023997869788e-02
1.483399999999999996e-01 7.476000003477958900e-02
1.161399999999999932e-01 6.815000000384446865e-02
8.744999999999999996e-02 6.017000000029911616e-02
6.246000000000000163e-02 5.106000000001446881e-02
4.136000000000000093e-02 4.107000000000035622e-02
2.430999999999999828e-02 3.052000000000000199e-02
1.149000000000000021e-02 1.974000000000000060e-02
3.059999999999999786e-03 9.249999999999999542e-03
0.000000000000000000e+00 0.000000000000000000e+00
3.059999999999999786e-03 -9.249999999999999542e-03
1.149000000000000021e-02 -1.974000000000000060e-02
2.430999999999999828e-02 -3.052000000000000199e-02
4.136000000000000093e-02 -4.107000000000035622e-02
6.246000000000000163e-02 -5.106000000001446881e-02
8.744999999999999996e-02 -6.017000000029911616e-02
1.161399999999999932e-01 -6.815000000384446865e-02
1.483399999999999996e-01 -7.476000003477958900e-02
1.838500000000000134e-01 -7.984000023997869788e-02
2.224700000000000011e-01 -8.324000133488265729e-02
2.639799999999999924e-01 -8.492000622499805418e-02
3.081099999999999950e-01 -8.495002502373577569e-02
3.544999999999999818e-01 -8.339008841911337011e-02
4.027700000000000169e-01 -8.035027894208006394e-02
4.525100000000000233e-01 -7.597079552462940311e-02
5.032400000000000206e-01 -7.044207002877778123e-02
5.544700000000000184e-01 -6.395495338950596409e-02
6.057099999999999707e-01 -5.666097444821553697e-02
6.565600000000000325e-01 -4.884267095337326697e-02
7.064399999999999569e-01 -4.101382052099788317e-02
7.546000000000000485e-01 -3.348933251230989255e-02
8.003000000000000114e-01 -2.652467139290412557e-02
8.428200000000000136e-01 -2.028459198410667574e-02
8.814600000000000213e-01 -1.491123546197613628e-02
9.155600000000000405e-01 -1.046204460901021920e-02
9.445099999999999607e-01 -6.938217403344262499e-03
9.677799999999999736e-01 -4.214714457669287498e-03
9.851299999999999502e-01 -2.213860085476712734e-03
9.961600000000000454e-01 -1.185966112550853289e-03
1.000000000000000000e+00 -1.000000000000000021e-03
