1.000000000000000000e+00 1.000000000000000021e-03
9.973199999999999843e-01 1.816136955980668637e-03
9.892999999999999572e-01 4.237720370444304947e-03
9.760299999999999532e-01 8.173837939401991728e-03
9.576000000000000068e-01 1.351710689551667913e-02
9.342300000000000049e-01 2.008210608629343308e-02
9.061500000000000110e-01 2.765190859396161535e-02
8.735699999999999577e-01 3.600626435347308724e-02
8.368999999999999773e-01 4.484140122637020331e-02
7.964700000000000113e-01 5.390898072090692661e-02
7.527199999999999447e-01 6.290757130535325203e-02
7.060800000000000409e-01 7.157361995276220745e-02
6.571000000000000174e-01 7.963283932185596936e-02
6.062699999999999756e-01 8.685106610298345964e-02
5.541300000000000114e-01 9.302492611977605796e-02
5.013199999999999878e-01 9.796200002433069765e-02
4.484000000000000208e-01 1.015207328083939375e-01
3.958999999999999742e-01 1.036002389293577824e-01
3.436699999999999755e-01 1.035200668766647764e-01
2.931500000000000217e-01 1.008600159885502667e-01
2.450199999999999878e-01 9.584000318283275588e-02
1.998800000000000021e-01 8.874000050924182870e-02
1.582999999999999963e-01 7.992000006242064303e-02
1.208000000000000046e-01 6.982000000547775032e-02
8.780000000000000304e-02 5.889000000031006238e-02
5.967999999999999694e-02 4.762000000000960603e-02
3.676999999999999713e-02 3.646000000000012425e-02
1.919999999999999832e-02 2.580999999999999961e-02
7.199999999999999803e-03 1.602999999999999911e-02
8.000000000000000383e-04 7.369999999999999815e-03
0.000000000000000000e+00 0.000000000000000000e+00
4.669999999999999672e-03 -5.729999999999999850e-03
1.467000000000000075e-02 -9.560000000000000789e-03
2.972999999999999948e-02 -1.157000000000001777e-02
4.970000000000000112e-02 -1.192000000000185099e-02
7.427999999999999881e-02 -1.080000000006884134e-02
1.031699999999999978e-01 -8.440000001324282283e-03
1.360699999999999965e-01 -5.130000015990478918e-03
1.725700000000000012e-01 -1.190000135733701274e-03
2.123500000000000110e-01 3.069999122048777240e-03
2.549799999999999844e-01 7.289995444300694828e-03
3.001199999999999979e-01 1.111998024602772056e-02
3.472999999999999976e-01 1.424992649057091505e-02
3.961799999999999766e-01 1.638975954548903963e-02
4.470700000000000229e-01 1.771928652336862697e-02
4.986800000000000122e-01 1.870809279420678622e-02
5.504000000000000004e-01 1.924536440135713247e-02
6.016700000000000381e-01 1.927966702881706365e-02
6.519300000000000095e-01 1.877872798166353024e-02
7.006499999999999950e-01 1.775930789681482574e-02
7.472800000000000553e-01 1.626733082468386285e-02
7.913000000000000034e-01 1.438836165807934504e-02
8.322300000000000253e-01 1.221849050828671679e-02
8.695699999999999541e-01 9.885723516660893662e-03
9.028800000000000159e-01 7.511277910713153559e-03
9.317999999999999616e-01 5.230453191430696307e-03
9.559299999999999464e-01 3.163446793818577157e-03
9.750299999999999523e-01 1.413543968302390270e-03
9.888299999999999867e-01 1.061534480337364113e-04
9.972199999999999953e-01 -7.252564251688981044e-04
1.000000000000000000e+00 -1.000000000000000021e-03
