1.000000000000000000e+00 1.000000000000000021e-03
9.799999999999999822e-01 2.733747762130149701e-03
9.649999999999999689e-01 4.055681113112035580e-03
9.449999999999999512e-01 5.841016336033893509e-03
9.200000000000000400e-01 8.082161363286556252e-03
8.900000000000000133e-01 1.083035640370748516e-02
8.499999999999999778e-01 1.451161694628320259e-02
8.000000000000000444e-01 1.913421772799999906e-02
7.500000000000000000e-01 2.377508468627929569e-02
6.999999999999999556e-01 2.854035360699999982e-02
6.500000000000000222e-01 3.332071191283789147e-02
5.999999999999999778e-01 3.801007769599999697e-02
5.500000000000000444e-01 4.260460536658398217e-02
5.000000000000000000e-01 4.670195312500000084e-02
4.500000000000000111e-01 5.020075668064258312e-02
4.000000000000000222e-01 5.250026214399999835e-02
3.499999999999999778e-01 5.350007881563867418e-02
2.999999999999999889e-01 5.300001968299999922e-02
2.500000000000000000e-01 5.100000381469726313e-02
2.000000000000000111e-01 4.800000051199999895e-02
1.600000000000000033e-01 4.440000006871947652e-02
1.250000000000000000e-01 4.020000000745058144e-02
9.500000000000000111e-02 3.570000000063025536e-02
7.000000000000000666e-02 3.090000000004035352e-02
5.000000000000000278e-02 2.610000000000195497e-02
3.500000000000000333e-02 2.170000000000008034e-02
2.500000000000000139e-02 1.830000000000000376e-02
2.000000000000000042e-02 1.425000000000000051e-02
1.000000000000000021e-02 1.175000000000000003e-02
5.000000000000000104e-03 8.500000000000000611e-03
0.000000000000000000e+00 0.000000000000000000e+00
5.000000000000000104e-03 -5.349999999999999721e-03
1.000000000000000021e-02 -7.369999999999999815e-03
2.000000000000000042e-02 -8.800000000000000530e-03
2.500000000000000139e-02 -1.090000000000000344e-02
3.500000000000000333e-02 -1.255000000000007845e-02
5.000000000000000278e-02 -1.465000000000195313e-02
7.000000000000000666e-02 -1.685000000004035353e-02
9.500000000000000111e-02 -1.900000000063024885e-02
1.250000000000000000e-01 -2.120000000745058191e-02
1.600000000000000033e-01 -2.320000006871947643e-02
2.000000000000000111e-01 -2.500000051200000281e-02
2.500000000000000000e-01 -2.660000381469726505e-02
2.999999999999999889e-01 -2.770001968299999964e-02
3.499999999999999778e-01 -2.800007881563867235e-02
4.000000000000000222e-01 -2.760026214399999983e-02
4.500000000000000111e-01 -2.650075668064257733e-02
5.000000000000000000e-01 -2.470195312499999865e-02
5.500000000000000444e-01 -2.250460536658398236e-02
5.999999999999999778e-01 -2.001007769600000180e-02
6.500000000000000222e-01 -1.752071191283789339e-02
6.999999999999999556e-01 -1.504035360699999997e-02
7.500000000000000000e-01 -1.257508468627929754e-02
8.000000000000000444e-01 -1.013421772799999974e-02
8.499999999999999778e-01 -7.731616946283203021e-03
8.900000000000000133e-01 -5.850356403707485109e-03
9.200000000000000400e-01 -4.472161363286556758e-03
9.449999999999999512e-01 -3.351016336033893483e-03
9.599999999999999645e-01 -2.442533995824480372e-03
9.649999999999999689e-01 -1.725681113112035540e-03
1.000000000000000000e+00 -1.000000000000000021e-03
