1.000000000000000000e+00 1.000000000000000021e-03
9.500199999999999756e-01 1.071036883545879205e-02
9.000299999999999967e-01 1.894753673064472621e-02
8.000599999999999934e-01 3.545430835215024334e-02
7.000800000000000356e-01 4.952039513254669761e-02
6.000999999999999668e-01 6.095009282262561778e-02
5.001100000000000545e-01 6.950195699559237605e-02
4.001199999999999757e-01 7.536026285263873470e-02
3.001199999999999979e-01 7.652001975397228206e-02
2.001100000000000101e-01 7.038000051453997818e-02
1.501000000000000112e-01 6.306000003867463788e-02
1.000800000000000023e-01 5.184000000100721928e-02
7.506999999999999784e-02 4.418000000007571426e-02
5.006000000000000033e-02 3.522000000000197889e-02
2.503999999999999976e-02 2.326000000000000290e-02
1.251999999999999988e-02 1.558000000000000010e-02
0.000000000000000000e+00 0.000000000000000000e+00
1.248999999999999937e-02 -8.319999999999999271e-03
2.498999999999999833e-02 -9.040000000000002894e-03
4.997999999999999665e-02 -9.480000000001946939e-03
7.499000000000000110e-02 -8.820000000074993546e-03
9.998999999999999555e-02 -7.160000000999099806e-03
1.499999999999999944e-01 -1.940000038443359491e-03
2.000099999999999933e-01 4.679999487769553705e-03
3.000200000000000089e-01 1.051998030518705093e-02
4.000199999999999867e-01 1.435973773801160411e-02
5.000299999999999745e-01 1.709804582005933909e-02
6.000299999999999523e-01 1.862991776812970152e-02
7.000300000000000411e-01 1.673963082536875438e-02
8.000199999999999534e-01 1.218575206999112509e-02
9.000099999999999767e-01 5.172540767229186209e-03
9.499999999999999556e-01 1.149750590275390796e-03
1.000000000000000000e+00 -1.000000000000000021e-03
