1.000000000000000000e+00 1.000000000000000021e-03
9.499999999999999556e-01 1.763024940972460902e-02
9.000000000000000222e-01 3.338742048900000120e-02
8.000000000000000444e-01 6.363421772800000042e-02
6.999999999999999556e-01 9.154035360699999679e-02
5.999999999999999778e-01 1.125100776960000076e-01
5.000000000000000000e-01 1.260019531250000102e-01
4.000000000000000222e-01 1.340002621440000152e-01
2.999999999999999889e-01 1.355000196830000170e-01
2.000000000000000111e-01 1.285000005120000011e-01
1.499999999999999944e-01 1.210000000384433561e-01
1.000000000000000056e-01 1.090000000010000053e-01
7.499999999999999722e-02 9.900000000007508349e-02
5.000000000000000278e-02 8.650000000000195033e-02
2.500000000000000139e-02 6.900000000000000577e-02
1.250000000000000069e-02 5.700000000000000205e-02
0.000000000000000000e+00 2.560000000000000123e-02
1.250000000000000069e-02 8.000000000000000167e-03
2.500000000000000139e-02 3.499999999999996170e-03
5.000000000000000278e-02 9.999999999980469390e-04
7.499999999999999722e-02 9.999999999249153341e-04
1.000000000000000056e-01 1.999999999000000046e-03
1.499999999999999944e-01 3.499999961556640900e-03
2.000000000000000111e-01 6.999999488000000457e-03
2.999999999999999889e-01 1.199998031699999954e-02
4.000000000000000222e-01 1.399973785599999999e-02
5.000000000000000000e-01 1.449804687500000008e-02
5.999999999999999778e-01 1.398992230400000064e-02
6.999999999999999556e-01 1.295964639299999888e-02
8.000000000000000444e-01 9.865782272000000672e-03
9.000000000000000222e-01 4.612579510999999591e-03
9.499999999999999556e-01 2.369750590275390961e-03
1.000000000000000000e+00 -1.000000000000000021e-03
