1.000000000000000000e+00 8.999999999999999320e-03
9.000000000000000222e-01 4.499999999999999833e-02
8.000000000000000444e-01 6.900000000000000577e-02
6.999999999999999556e-01 9.099999999999999756e-02
5.999999999999999778e-01 1.100000000000000006e-01
5.000000000000000000e-01 1.229999999999999982e-01
4.000000000000000222e-01 1.290000000000000036e-01
2.999999999999999889e-01 1.260000000000000009e-01
2.000000000000000111e-01 1.120000000000000023e-01
1.000000000000000056e-01 8.300000000000000433e-02
5.000000000000000278e-02 5.800000000000000294e-02
2.500000000000000139e-02 4.100000000000000172e-02
0.000000000000000000e+00 0.000000000000000000e+00
2.500000000000000139e-02 -3.400000000000000244e-02
5.000000000000000278e-02 -3.749999999999999861e-02
1.000000000000000056e-01 -3.599999999999999728e-02
2.000000000000000111e-01 -2.949999999999999845e-02
2.999999999999999889e-01 -1.700000000000000122e-02
4.000000000000000222e-01 -3.000000000000000062e-03
5.000000000000000000e-01 8.999999999999999320e-03
5.999999999999999778e-01 1.600000000000000033e-02
6.999999999999999556e-01 1.899999999999999953e-02
8.000000000000000444e-01 1.700000000000000122e-02
9.000000000000000222e-01 8.999999999999999320e-03
1.000000000000000000e+00 0.000000000000000000e+00
