1.000000000000000000e+00 1.000000000000000021e-03
9.989299999999999846e-01 1.220411113661371569e-03
9.957200000000000495e-01 1.822132918669421096e-03
9.903899999999999926e-01 2.846761189672078560e-03
9.829599999999999449e-01 4.266687849687183370e-03
9.734699999999999465e-01 6.125060541242666017e-03
9.619400000000000173e-01 8.365231752728026493e-03
9.484399999999999498e-01 1.097099593407692419e-02
9.330100000000000060e-01 1.395576789644951098e-02
9.157300000000000439e-01 1.726280058585167795e-02
8.966800000000000326e-01 2.090474629543147625e-02
8.759200000000000319e-01 2.477351487815618314e-02
8.535500000000000309e-01 2.888046988744644855e-02
8.296700000000000186e-01 3.316627238732999111e-02
8.043799999999999839e-01 3.761097800949386033e-02
7.777899999999999814e-01 4.210417444522852881e-02
7.500000000000000000e-01 4.659508468627929917e-02
7.211400000000000032e-01 5.094274438951939404e-02
6.913399999999999546e-01 5.514607656399232033e-02
6.607199999999999740e-01 5.907399700698625494e-02
6.294100000000000250e-01 6.276550253597769358e-02
5.975500000000000256e-01 6.608971333252576519e-02
5.652599999999999847e-01 6.911589161402854897e-02
5.326999999999999513e-01 7.174345417447880457e-02
5.000000000000000000e-01 7.409195312499999853e-02
4.672999999999999932e-01 7.596106258095887409e-02
4.347400000000000153e-01 7.750055471052900991e-02
4.024499999999999744e-01 7.845027695383648136e-02
3.705899999999999750e-01 7.898013183880722710e-02
3.392800000000000260e-01 7.888005956955215781e-02
3.086599999999999899e-01 7.838002542864194733e-02
2.788599999999999968e-01 7.720001019708425116e-02
2.500000000000000000e-01 7.565000381469726143e-02
2.222099999999999909e-01 7.339000132090746364e-02
1.956199999999999883e-01 7.081000041948776191e-02
1.703300000000000092e-01 6.754000012067583325e-02
1.464499999999999968e-01 6.404000003098876681e-02
1.240799999999999959e-01 5.989000000697133896e-02
1.033199999999999952e-01 5.569000000134171485e-02
8.426999999999999769e-02 5.086000000021431711e-02
6.698999999999999400e-02 4.609000000002717173e-02
5.156000000000000166e-02 4.056000000000257316e-02
3.805999999999999661e-02 3.523000000000016396e-02
2.653000000000000150e-02 2.948000000000000620e-02
1.703999999999999959e-02 2.367999999999999966e-02
9.610000000000000486e-03 1.774999999999999842e-02
4.279999999999999950e-03 1.144000000000000052e-02
1.069999999999999988e-03 5.740000000000000310e-03
0.000000000000000000e+00 0.000000000000000000e+00
1.069999999999999988e-03 -2.000000000000000042e-03
4.279999999999999950e-03 -4.360000000000000160e-03
9.610000000000000486e-03 -6.910000000000000343e-03
1.703999999999999959e-02 -9.700000000000000289e-03
2.653000000000000150e-02 -1.247000000000000712e-02
3.805999999999999661e-02 -1.481000000000016852e-02
5.156000000000000166e-02 -1.730000000000257374e-02
6.698999999999999400e-02 -1.913000000002717041e-02
8.426999999999999769e-02 -2.110000000021431885e-02
1.033199999999999952e-01 -2.246000000134171226e-02
1.240799999999999959e-01 -2.377000000697133617e-02
1.464499999999999968e-01 -2.447000003098877274e-02
1.703300000000000092e-01 -2.503000012067583754e-02
1.956199999999999883e-01 -2.500000041948775842e-02
2.222099999999999909e-01 -2.475000132090746444e-02
2.500000000000000000e-01 -2.389000381469726791e-02
2.788599999999999968e-01 -2.275001019708424235e-02
3.086599999999999899e-01 -2.100002542864194688e-02
3.392800000000000260e-01 -1.895005956955215370e-02
3.705899999999999750e-01 -1.637013183880723852e-02
4.024499999999999744e-01 -1.357027695383647772e-02
4.347400000000000153e-01 -1.045055471052900795e-02
4.672999999999999932e-01 -7.311062580958873139e-03
5.000000000000000000e-01 -4.051953124999999566e-03
5.326999999999999513e-01 -9.234541744788128930e-04
5.652599999999999847e-01 2.164108385971451505e-03
5.975500000000000256e-01 4.950286667474233793e-03
6.294100000000000250e-01 7.464497464022301111e-03
6.607199999999999740e-01 9.486002993013746207e-03
6.913399999999999546e-01 1.114392343600768311e-02
7.211400000000000032e-01 1.235725561048060459e-02
7.500000000000000000e-01 1.321491531372070288e-02
7.777899999999999814e-01 1.362582555477147468e-02
8.043799999999999839e-01 1.366902199050614407e-02
8.296700000000000186e-01 1.328372761267001059e-02
8.535500000000000309e-01 1.255953011255354912e-02
8.759200000000000319e-01 1.155648512184381804e-02
8.966800000000000326e-01 1.034525370456852202e-02
9.157300000000000439e-01 8.957199414148318828e-03
9.330100000000000060e-01 7.484232103550488013e-03
9.484399999999999498e-01 5.969004065923075135e-03
9.619400000000000173e-01 4.444768247271973713e-03
9.734699999999999465e-01 2.984939458757334026e-03
9.829599999999999449e-01 1.653312150312816978e-03
9.903899999999999926e-01 5.932388103279214635e-04
9.957200000000000495e-01 -2.621329186694211239e-04
9.989299999999999846e-01 -8.404111136613716566e-04
1.000000000000000000e+00 -1.000000000000000021e-03
