1.000000000000000000e+00 1.000000000000000021e-03
9.496099999999999541e-01 1.483792462416592441e-02
8.992099999999999538e-01 2.900437059133950668e-02
7.984999999999999876e-01 5.457196971666200547e-02
6.978799999999999448e-01 7.679926691402776118e-02
5.974099999999999966e-01 9.379969287007820788e-02
4.970300000000000273e-01 1.075218511577352154e-01
3.968200000000000061e-01 1.152502439731171030e-01
2.968500000000000028e-01 1.140900178991941655e-01
1.972299999999999887e-01 1.003400004516029481e-01
1.475899999999999990e-01 8.747000003322863426e-02
9.808000000000000052e-02 6.951000000083989994e-02
7.340000000000000691e-02 5.803000000006183767e-02
4.877999999999999697e-02 4.415000000000156299e-02
2.424000000000000113e-02 2.747000000000000483e-02
1.200999999999999984e-02 1.782999999999999863e-02
0.000000000000000000e+00 0.000000000000000000e+00
1.295999999999999930e-02 -1.663999999999999854e-02
2.562000000000000041e-02 -2.249000000000000304e-02
5.074000000000000038e-02 -2.690000000000223115e-02
7.582999999999999463e-02 -2.991000000008290152e-02
1.008399999999999991e-01 -3.052000000107818814e-02
1.508400000000000019e-01 -3.034000004042487764e-02
2.007599999999999940e-01 -2.736000052977893143e-02
3.004800000000000249e-01 -1.751001996825597359e-02
4.001100000000000212e-01 -4.160262793520544920e-03
5.000700000000000145e-01 -2.601955587316075093e-03
6.001400000000000068e-01 -4.950098878924642266e-03
7.002699999999999481e-01 -9.710493907989555668e-03
8.003200000000000314e-01 -1.174470168563690117e-02
9.002499999999999947e-01 -9.438390117088333447e-03
9.501699999999999591e-01 -6.911265169838052246e-03
1.000000000000000000e+00 -1.000000000000000021e-03
