1.000000000000000000e+00 1.000000000000000021e-03
9.498499999999999721e-01 1.387935435758722892e-02
8.997199999999999642e-01 2.558633706059646601e-02
7.995100000000000540e-01 4.452347966288043579e-02
6.993399999999999617e-01 6.003001246643062394e-02
5.992100000000000204e-01 7.219995890232294711e-02
4.991099999999999981e-01 8.109192205779280904e-02
3.990299999999999958e-01 8.839025647789085227e-02
2.989899999999999780e-01 9.139001909457378225e-02
1.990500000000000047e-01 8.619000049052329138e-02
1.491500000000000048e-01 7.744000003652659614e-02
9.927999999999999325e-02 6.509000000093703719e-02
7.438000000000000167e-02 5.642000000006967830e-02
4.950999999999999845e-02 4.454000000000179343e-02
2.468000000000000055e-02 2.907000000000000209e-02
1.230000000000000017e-02 1.813999999999999987e-02
0.000000000000000000e+00 0.000000000000000000e+00
1.264000000000000019e-02 -1.255999999999999998e-02
2.515999999999999834e-02 -1.512000000000000323e-02
5.016999999999999932e-02 -1.585000000000201179e-02
7.517000000000000071e-02 -1.597000000007663123e-02
1.001800000000000052e-01 -1.660000000101631568e-02
1.501699999999999979e-01 -1.505000003883726241e-02
2.001300000000000023e-01 -1.200000051500299883e-02
3.000499999999999834e-01 -4.900019712544190567e-03
4.000199999999999867e-01 -1.600262261988395687e-03
5.000499999999999945e-01 -4.201954883515789108e-03
6.000900000000000123e-01 -8.610091309055390926e-03
7.000999999999999446e-01 -9.040405519866432510e-03
8.000899999999999679e-01 -8.534353684618606328e-03
9.000700000000000367e-01 -6.687691767729186595e-03
9.500399999999999956e-01 -3.880488281308053754e-03
1.000000000000000000e+00 -1.000000000000000021e-03
