1.000000000000000000e+00 1.000000000000000021e-03
9.957200000000000495e-01 1.532132918669421202e-03
9.829599999999999449e-01 3.036687849687183180e-03
9.619400000000000173e-01 5.335231752728025918e-03
9.330100000000000060e-01 8.235767896449511585e-03
8.966800000000000326e-01 1.164474629543147885e-02
8.535500000000000309e-01 1.546046988744645065e-02
8.043799999999999839e-01 1.959097800949385557e-02
7.500000000000000000e-01 2.391508468627929693e-02
6.913399999999999546e-01 2.826607656399231921e-02
6.294100000000000250e-01 3.248550253597769916e-02
5.652599999999999847e-01 3.638589161402855376e-02
5.000000000000000000e-01 3.978195312500000524e-02
4.347400000000000153e-01 4.248055471052900739e-02
3.705899999999999750e-01 4.431013183880724154e-02
3.392800000000000260e-01 4.484005956955215005e-02
3.086599999999999899e-01 4.509002542864194718e-02
2.788599999999999968e-01 4.504001019708424314e-02
2.500000000000000000e-01 4.466000381469726471e-02
2.222099999999999909e-01 4.397000132090746888e-02
1.956199999999999883e-01 4.295000041948775910e-02
1.703300000000000092e-01 4.161000012067583853e-02
1.464499999999999968e-01 3.994000003098877732e-02
1.240799999999999959e-01 3.795000000697133780e-02
1.033199999999999952e-01 3.564000000134170953e-02
8.426999999999999769e-02 3.305000000021431766e-02
6.698999999999999400e-02 3.023000000002716917e-02
5.156000000000000166e-02 2.720000000000257281e-02
3.805999999999999661e-02 2.395000000000016560e-02
2.653000000000000150e-02 2.039000000000000534e-02
1.703999999999999959e-02 1.645999999999999894e-02
9.610000000000000486e-03 1.213999999999999975e-02
4.279999999999999950e-03 7.669999999999999735e-03
1.069999999999999988e-03 3.490000000000000047e-03
0.000000000000000000e+00 0.000000000000000000e+00
1.069999999999999988e-03 -3.490000000000000047e-03
4.279999999999999950e-03 -7.669999999999999735e-03
9.610000000000000486e-03 -1.213999999999999975e-02
1.703999999999999959e-02 -1.645999999999999894e-02
2.653000000000000150e-02 -2.039000000000000534e-02
3.805999999999999661e-02 -2.395000000000016560e-02
5.156000000000000166e-02 -2.720000000000257281e-02
6.698999999999999400e-02 -3.023000000002716917e-02
8.426999999999999769e-02 -3.305000000021431766e-02
1.033199999999999952e-01 -3.564000000134170953e-02
1.240799999999999959e-01 -3.795000000697133780e-02
1.464499999999999968e-01 -3.994000003098877732e-02
1.703300000000000092e-01 -4.161000012067583853e-02
1.956199999999999883e-01 -4.295000041948775910e-02
2.222099999999999909e-01 -4.397000132090746888e-02
2.500000000000000000e-01 -4.466000381469726471e-02
2.788599999999999968e-01 -4.504001019708424314e-02
3.086599999999999899e-01 -4.509002542864194718e-02
3.392800000000000260e-01 -4.484005956955215005e-02
3.705899999999999750e-01 -4.431013183880724154e-02
4.347400000000000153e-01 -4.248055471052900739e-02
5.000000000000000000e-01 -3.978195312500000524e-02
5.652599999999999847e-01 -3.638589161402855376e-02
6.294100000000000250e-01 -3.248550253597769916e-02
6.913399999999999546e-01 -2.826607656399231921e-02
7.500000000000000000e-01 -2.391508468627929693e-02
8.043799999999999839e-01 -1.959097800949385557e-02
8.535500000000000309e-01 -1.546046988744645065e-02
8.966800000000000326e-01 -1.164474629543147885e-02
9.330100000000000060e-01 -8.235767896449511585e-03
9.619400000000000173e-01 -5.335231752728025918e-03
9.829599999999999449e-01 -3.036687849687183180e-03
9.957200000000000495e-01 -1.532132918669421202e-03
1.000000000000000000e+00 -1.000000000000000021e-03
