1.000008999999999926e+00 1.260000000000000052e-03
9.993239999999999901e-01 1.361000000000000014e-03
9.972729999999999650e-01 1.662999999999999982e-03
9.938599999999999657e-01 2.164999999999999824e-03
9.890949999999999465e-01 2.863000000000000093e-03
9.829909999999999481e-01 3.752999999999999826e-03
9.755660000000000442e-01 4.828999999999999959e-03
9.668390000000000040e-01 6.085000000000000131e-03
9.568360000000000198e-01 7.512999999999999713e-03
9.455829999999999513e-01 9.103999999999999246e-03
9.331120000000000525e-01 1.085099999999999953e-02
9.194579999999999975e-01 1.274199999999999985e-02
9.046570000000000444e-01 1.476899999999999914e-02
8.887519999999999865e-01 1.692000000000000101e-02
8.717850000000000321e-01 1.918399999999999966e-02
8.538029999999999786e-01 2.154999999999999971e-02
8.348560000000000425e-01 2.400700000000000056e-02
8.149960000000000537e-01 2.654199999999999962e-02
7.942770000000000108e-01 2.914399999999999977e-02
7.727559999999999985e-01 3.180000000000000188e-02
7.504910000000000192e-01 3.449599999999999889e-02
7.275449999999999973e-01 3.722000000000000308e-02
7.039779999999999927e-01 3.995699999999999946e-02
6.798570000000000446e-01 4.269300000000000178e-02
6.552449999999999664e-01 4.541300000000000198e-02
6.302119999999999944e-01 4.810099999999999792e-02
6.048229999999999995e-01 5.074100000000000138e-02
5.791500000000000536e-01 5.331600000000000228e-02
5.532610000000000028e-01 5.580700000000000244e-02
5.272270000000000012e-01 5.819799999999999973e-02
5.011179999999999524e-01 6.046800000000000092e-02
4.750059999999999838e-01 6.260000000000000286e-02
4.489620000000000277e-01 6.457499999999999352e-02
4.230559999999999876e-01 6.637400000000000244e-02
3.973599999999999910e-01 6.797799999999999676e-02
3.719410000000000216e-01 6.937000000000000111e-02
3.468709999999999849e-01 7.053399999999999948e-02
3.222169999999999757e-01 7.145400000000000362e-02
2.980470000000000064e-01 7.211599999999999955e-02
2.744260000000000033e-01 7.250800000000000300e-02
2.514190000000000036e-01 7.262100000000000499e-02
2.290889999999999871e-01 7.244499999999999551e-02
2.074969999999999870e-01 7.197499999999999731e-02
1.867020000000000068e-01 7.120899999999999452e-02
1.667619999999999936e-01 7.014600000000000002e-02
1.477310000000000012e-01 6.878700000000000092e-02
1.296559999999999935e-01 6.713600000000000123e-02
1.121439999999999937e-01 6.514899999999999858e-02
9.513800000000000034e-02 6.262800000000000311e-02
7.892100000000000504e-02 5.941300000000000053e-02
6.375799999999999523e-02 5.543599999999999917e-02
4.988800000000000179e-02 5.071599999999999719e-02
3.750799999999999967e-02 4.535000000000000142e-02
2.676999999999999866e-02 3.949699999999999739e-02
1.776600000000000054e-02 3.334899999999999670e-02
1.054100000000000002e-02 2.710800000000000015e-02
5.093000000000000305e-03 2.096500000000000100e-02
1.382999999999999898e-03 1.508199999999999992e-02
-6.470000000000000057e-04 9.582999999999999505e-03
-1.077999999999999965e-03 4.545999999999999694e-03
0.000000000000000000e+00 0.000000000000000000e+00
2.448999999999999788e-03 -3.975000000000000235e-03
6.126000000000000369e-03 -7.341000000000000303e-03
1.092800000000000021e-02 -1.018200000000000008e-02
1.676000000000000059e-02 -1.260499999999999989e-02
2.353299999999999836e-02 -1.472900000000000077e-02
3.117699999999999985e-02 -1.667099999999999832e-02
3.964999999999999775e-02 -1.854300000000000045e-02
4.894600000000000339e-02 -2.044100000000000084e-02
5.910599999999999882e-02 -2.243900000000000061e-02
7.021700000000000164e-02 -2.459400000000000128e-02
8.240899999999999614e-02 -2.693699999999999914e-02
9.584499999999999964e-02 -2.946700000000000014e-02
1.107100000000000029e-01 -3.213599999999999790e-02
1.271990000000000065e-01 -3.482600000000000279e-02
1.451620000000000132e-01 -3.734900000000000025e-02
1.641080000000000039e-01 -3.962700000000000250e-02
1.839780000000000026e-01 -4.165200000000000152e-02
2.047180000000000111e-01 -4.341899999999999926e-02
2.262720000000000009e-01 -4.492600000000000066e-02
2.485809999999999964e-01 -4.617000000000000270e-02
2.715839999999999921e-01 -4.715400000000000147e-02
2.952170000000000072e-01 -4.787999999999999895e-02
3.194150000000000045e-01 -4.835400000000000115e-02
3.441119999999999735e-01 -4.858300000000000118e-02
3.692400000000000126e-01 -4.857600000000000112e-02
3.947289999999999965e-01 -4.834200000000000302e-02
4.205090000000000217e-01 -4.789399999999999907e-02
4.465089999999999892e-01 -4.724400000000000127e-02
4.726580000000000226e-01 -4.640400000000000080e-02
4.988819999999999921e-01 -4.538899999999999879e-02
5.251090000000000479e-01 -4.421200000000000130e-02
5.512679999999999803e-01 -4.288800000000000251e-02
5.772850000000000481e-01 -4.143199999999999661e-02
6.030879999999999574e-01 -3.985699999999999660e-02
6.286070000000000269e-01 -3.817799999999999666e-02
6.537720000000000198e-01 -3.640800000000000286e-02
6.785109999999999753e-01 -3.456300000000000344e-02
7.027579999999999938e-01 -3.265400000000000247e-02
7.264460000000000361e-01 -3.069600000000000106e-02
7.495089999999999808e-01 -2.870299999999999935e-02
7.718829999999999858e-01 -2.668600000000000139e-02
7.935079999999999911e-01 -2.466099999999999889e-02
8.143249999999999655e-01 -2.263899999999999940e-02
8.342749999999999888e-01 -2.063500000000000056e-02
8.533039999999999514e-01 -1.866100000000000050e-02
8.713600000000000234e-01 -1.673200000000000034e-02
8.883940000000000170e-01 -1.485900000000000068e-02
9.043600000000000527e-01 -1.305800000000000016e-02
9.192129999999999468e-01 -1.134100000000000039e-02
9.329129999999999923e-01 -9.721000000000000474e-03
9.454230000000000134e-01 -8.210999999999999549e-03
9.567099999999999493e-01 -6.821999999999999939e-03
9.667409999999999615e-01 -5.566999999999999900e-03
9.754909999999999970e-01 -4.455999999999999892e-03
9.829350000000000032e-01 -3.497999999999999807e-03
9.890529999999999600e-01 -2.701999999999999975e-03
9.938280000000000447e-01 -2.076000000000000154e-03
9.972490000000000521e-01 -1.624000000000000010e-03
9.993049999999999988e-01 -1.350999999999999987e-03
9.999909999999999632e-01 -1.260000000000000052e-03
