1.000000000000000000e+00 1.000000000000000021e-03
9.965899999999999759e-01 2.089725297825873514e-03
9.867099999999999760e-01 5.446555170446023240e-03
9.717700000000000227e-01 1.063280760729270503e-02
9.519999999999999574e-01 1.666229203360343122e-02
9.270899999999999697e-01 2.315593773190022242e-02
8.971099999999999630e-01 3.034636677672246027e-02
8.635599999999999943e-01 3.830707464446071742e-02
8.239600000000000257e-01 4.697504719679258811e-02
7.818899999999999739e-01 5.624922220218397245e-02
7.369799999999999685e-01 6.596413591870213533e-02
6.898800000000000487e-01 7.592539663619737866e-02
6.412299999999999667e-01 8.587832839745111746e-02
5.916799999999999837e-01 9.554888754894183545e-02
5.418500000000000538e-01 1.046440263516230235e-01
4.923199999999999799e-01 1.128616991327474062e-01
4.436399999999999788e-01 1.198906656964938561e-01
3.963099999999999956e-01 1.254402411655547167e-01
3.507799999999999807e-01 1.292400804106205725e-01
3.074700000000000211e-01 1.310000245597946200e-01
2.667499999999999871e-01 1.303900068381693700e-01
2.285899999999999876e-01 1.269200017041783868e-01
1.925900000000000112e-01 1.207100003645050906e-01
1.587200000000000000e-01 1.123800000639270796e-01
1.273600000000000010e-01 1.023900000088165257e-01
9.883000000000000118e-02 9.108000000089949699e-02
7.345999999999999752e-02 7.874000000006230182e-02
5.152000000000000329e-02 6.568000000000255578e-02
3.323999999999999871e-02 5.216000000000004660e-02
1.883999999999999911e-02 3.851000000000000256e-02
8.439999999999999586e-03 2.501000000000000098e-02
2.139999999999999975e-03 1.201999999999999943e-02
0.000000000000000000e+00 0.000000000000000000e+00
2.109999999999999896e-03 -1.022999999999999951e-02
9.790000000000000091e-03 -1.839999999999999969e-02
2.368999999999999925e-02 -2.532000000000000223e-02
4.295999999999999819e-02 -3.149000000000049676e-02
6.722000000000000197e-02 -3.684000000002801700e-02
9.611999999999999711e-02 -4.128000000070036063e-02
1.293199999999999905e-01 -4.477000001011558622e-02
1.664200000000000124e-01 -4.726000009791510303e-02
2.069900000000000073e-01 -4.872000069750011264e-02
2.505299999999999749e-01 -4.910000388810196320e-02
2.964999999999999858e-01 -4.831001771015162177e-02
3.443100000000000049e-01 -4.611006800592109406e-02
3.937100000000000044e-01 -4.204022729402103614e-02
4.449199999999999822e-01 -3.606068318348121943e-02
4.979799999999999782e-01 -2.873188324623463311e-02
5.524400000000000421e-01 -2.079479254334401159e-02
6.076300000000000034e-01 -1.282129153200793799e-02
6.627999999999999448e-01 -5.344685532372417044e-03
7.170800000000000507e-01 1.159868755239239300e-03
7.695199999999999818e-01 6.255380814434441383e-03
8.191199999999999593e-01 9.653992476844751314e-03
8.648299999999999876e-01 1.108936951388533529e-02
9.053999999999999826e-01 1.145114961463758116e-02
9.394900000000000473e-01 8.099797054795234916e-03
9.661499999999999533e-01 4.946498470277589134e-03
9.850700000000000012e-01 1.926618805127313944e-03
9.962900000000000089e-01 -2.171012419382908334e-04
1.000000000000000000e+00 -1.000000000000000021e-03
