1.000000000000000000e+00 1.000000000000000021e-03
9.963699999999999779e-01 2.287800372297896061e-03
9.863300000000000400e-01 6.323487042895774637e-03
9.713800000000000212e-01 1.278002072946809488e-02
9.522100000000000009e-01 2.051356829790114411e-02
9.285799999999999610e-01 2.875330314991209057e-02
9.003700000000000037e-01 3.754885630431033933e-02
8.680200000000000138e-01 4.696974838410624548e-02
8.320600000000000218e-01 5.687115770167489731e-02
7.930300000000000127e-01 6.702405279431621066e-02
7.514999999999999458e-01 7.716644707343574272e-02
7.079999999999999627e-01 8.695469915561455931e-02
6.629899999999999682e-01 9.601474929322857677e-02
6.168599999999999639e-01 1.040529324106275605e-01
5.700100000000000167e-01 1.108263524648881726e-01
5.228099999999999969e-01 1.161529180650782839e-01
4.756500000000000172e-01 1.199112461993194351e-01
4.289299999999999780e-01 1.220004914482608477e-01
3.830799999999999761e-01 1.223201776664025603e-01
3.384099999999999886e-01 1.208100582088060676e-01
2.952099999999999724e-01 1.174700170286250567e-01
2.537900000000000156e-01 1.124300043678785332e-01
2.144699999999999940e-01 1.058300009600613018e-01
1.775899999999999979e-01 9.786000017569790321e-02
1.434799999999999964e-01 8.869000002577047403e-02
1.124600000000000044e-01 7.850000000287728208e-02
8.479000000000000425e-02 6.752000000022650994e-02
6.069000000000000089e-02 5.597000000001117054e-02
4.036000000000000004e-02 4.414000000000028318e-02
2.399000000000000091e-02 3.234999999999999681e-02
1.171999999999999952e-02 2.092000000000000109e-02
3.680000000000000111e-03 1.030000000000000013e-02
6.000000000000000152e-05 1.110000000000000092e-03
2.099999999999999870e-03 -5.969999999999999613e-03
1.047999999999999973e-02 -1.175999999999999962e-02
2.452999999999999972e-02 -1.716000000000000511e-02
4.386999999999999927e-02 -2.193000000000060179e-02
6.822000000000000286e-02 -2.596000000003200608e-02
9.729000000000000148e-02 -2.919000000078093501e-02
1.307699999999999974e-01 -3.158000001118337757e-02
1.682800000000000129e-01 -3.309000010821626370e-02
2.094300000000000050e-01 -3.370000077508625291e-02
2.537800000000000056e-01 -3.334000436632981318e-02
3.008600000000000163e-01 -3.199002019668353153e-02
3.502299999999999858e-01 -2.957007928300403599e-02
4.015900000000000025e-01 -2.597027167270631043e-02
4.547999999999999821e-01 -2.141083249973539659e-02
5.093900000000000095e-01 -1.639230915845016692e-02
5.646600000000000508e-01 -1.126583556907616301e-02
6.199000000000000066e-01 -6.313517448609803212e-03
6.743799999999999795e-01 -1.808849755569562822e-03
7.273100000000000120e-01 1.973052320824498357e-03
7.778500000000000414e-01 4.845753206757598408e-03
8.251500000000000501e-01 6.642664315321811577e-03
8.683600000000000207e-01 7.319263882320519062e-03
9.066300000000000470e-01 6.916123497662162931e-03
9.391800000000000148e-01 5.611488151139266446e-03
9.653100000000000014e-01 3.682218105665365903e-03
9.844300000000000272e-01 1.551712475386378062e-03
9.960900000000000309e-01 -2.553553797110646442e-04
1.000000000000000000e+00 -1.000000000000000021e-03
