1.000000000000000000e+00 2.100000000000000087e-04
9.499999999999999556e-01 5.250000000000000326e-03
9.000000000000000222e-01 1.030000000000000013e-02
8.499999999999999778e-01 1.535000000000000080e-02
8.000000000000000444e-01 2.040000000000000147e-02
7.500000000000000000e-01 2.545000000000000040e-02
6.999999999999999556e-01 3.043999999999999831e-02
6.500000000000000222e-01 3.516999999999999987e-02
5.999999999999999778e-01 3.942999999999999977e-02
5.500000000000000444e-01 4.311000000000000248e-02
5.000000000000000000e-01 4.612999999999999740e-02
4.500000000000000111e-01 4.837000000000000327e-02
4.000000000000000222e-01 4.968000000000000194e-02
3.499999999999999778e-01 4.995000000000000134e-02
2.999999999999999889e-01 4.913000000000000006e-02
2.500000000000000000e-01 4.714000000000000135e-02
2.000000000000000111e-01 4.399999999999999745e-02
1.499999999999999944e-01 3.950000000000000039e-02
1.000000000000000056e-01 3.323999999999999871e-02
7.499999999999999722e-02 2.917000000000000148e-02
5.000000000000000278e-02 2.411999999999999908e-02
2.500000000000000139e-02 1.737000000000000002e-02
1.250000000000000069e-02 1.250000000000000069e-02
7.499999999999999722e-03 9.830000000000000196e-03
5.000000000000000104e-03 8.160000000000000586e-03
0.000000000000000000e+00 0.000000000000000000e+00
5.000000000000000104e-03 -8.160000000000000586e-03
7.499999999999999722e-03 -9.830000000000000196e-03
1.250000000000000069e-02 -1.250000000000000069e-02
2.500000000000000139e-02 -1.737000000000000002e-02
5.000000000000000278e-02 -2.411999999999999908e-02
7.499999999999999722e-02 -2.917000000000000148e-02
1.000000000000000056e-01 -3.323999999999999871e-02
1.499999999999999944e-01 -3.950000000000000039e-02
2.000000000000000111e-01 -4.399999999999999745e-02
2.500000000000000000e-01 -4.714000000000000135e-02
2.999999999999999889e-01 -4.913000000000000006e-02
3.499999999999999778e-01 -4.995000000000000134e-02
4.000000000000000222e-01 -4.968000000000000194e-02
4.500000000000000111e-01 -4.837000000000000327e-02
5.000000000000000000e-01 -4.612999999999999740e-02
5.500000000000000444e-01 -4.311000000000000248e-02
5.999999999999999778e-01 -3.942999999999999977e-02
6.500000000000000222e-01 -3.516999999999999987e-02
6.999999999999999556e-01 -3.043999999999999831e-02
7.500000000000000000e-01 -2.545000000000000040e-02
8.000000000000000444e-01 -2.040000000000000147e-02
8.499999999999999778e-01 -1.535000000000000080e-02
9.000000000000000222e-01 -1.030000000000000013e-02
9.499999999999999556e-01 -5.250000000000000326e-03
1.000000000000000000e+00 -2.100000000000000087e-04
