1.000000000000000000e+00 3.906999999999999883e-03
9.975399999999999823e-01 5.014000000000000228e-03
9.907000000000000250e-01 8.068000000000000518e-03
9.803699999999999637e-01 1.241399999999999969e-02
9.669799999999999507e-01 1.763899999999999843e-02
9.504399999999999515e-01 2.356700000000000114e-02
9.306400000000000228e-01 3.005100000000000132e-02
9.077499999999999458e-01 3.688099999999999712e-02
8.820200000000000262e-01 4.388000000000000234e-02
8.537000000000000144e-01 5.090700000000000086e-02
8.230899999999999883e-01 5.784000000000000252e-02
7.904799999999999605e-01 6.459499999999999964e-02
7.561600000000000543e-01 7.110400000000000054e-02
7.204300000000000148e-01 7.728500000000000647e-02
6.835900000000000309e-01 8.307399999999999507e-02
6.459399999999999586e-01 8.841400000000000647e-02
6.077799999999999869e-01 9.324200000000000543e-02
5.693700000000000427e-01 9.751300000000000245e-02
5.309899999999999620e-01 1.011900000000000022e-01
4.926499999999999768e-01 1.042610000000000064e-01
4.543499999999999761e-01 1.067039999999999933e-01
4.163799999999999724e-01 1.084799999999999931e-01
3.788699999999999846e-01 1.095590000000000036e-01
3.420400000000000107e-01 1.098989999999999967e-01
3.060899999999999732e-01 1.094549999999999967e-01
2.711999999999999966e-01 1.081740000000000063e-01
2.376000000000000056e-01 1.059910000000000019e-01
2.054900000000000060e-01 1.028290000000000037e-01
1.750400000000000011e-01 9.860499999999999821e-02
1.464799999999999991e-01 9.323599999999999943e-02
1.199899999999999994e-01 8.663500000000000367e-02
9.575999999999999790e-02 7.874000000000000443e-02
7.395000000000000184e-02 6.952600000000000446e-02
5.467999999999999944e-02 5.911199999999999788e-02
3.810999999999999804e-02 4.793599999999999944e-02
2.433000000000000093e-02 3.654299999999999909e-02
1.337999999999999953e-02 2.542000000000000162e-02
5.479999999999999628e-03 1.503400000000000049e-02
9.799999999999999684e-04 5.837000000000000174e-03
0.000000000000000000e+00 1.740000000000000010e-04
9.799999999999999684e-04 -4.493999999999999731e-03
5.479999999999999628e-03 -9.308000000000000301e-03
1.337999999999999953e-02 -1.237199999999999932e-02
2.433000000000000093e-02 -1.393999999999999927e-02
3.810999999999999804e-02 -1.439600000000000081e-02
5.467999999999999944e-02 -1.413900000000000053e-02
7.395000000000000184e-02 -1.352700000000000083e-02
9.575999999999999790e-02 -1.285099999999999958e-02
1.199899999999999994e-01 -1.223100000000000055e-02
1.464799999999999991e-01 -1.168899999999999974e-02
1.750400000000000011e-01 -1.122300000000000034e-02
2.054900000000000060e-01 -1.081900000000000049e-02
2.376000000000000056e-01 -1.046200000000000081e-02
2.711999999999999966e-01 -1.013499999999999991e-02
3.060899999999999732e-01 -9.825000000000000400e-03
3.420400000000000107e-01 -9.518999999999999684e-03
3.788699999999999846e-01 -9.211000000000000437e-03
4.163799999999999724e-01 -8.895999999999999394e-03
4.543499999999999761e-01 -8.571999999999999759e-03
4.926499999999999768e-01 -8.238000000000000531e-03
5.309899999999999620e-01 -7.898999999999999772e-03
5.693700000000000427e-01 -7.553999999999999951e-03
6.077799999999999869e-01 -7.206999999999999865e-03
6.459399999999999586e-01 -6.862000000000000044e-03
6.835900000000000309e-01 -6.522000000000000020e-03
7.204300000000000148e-01 -6.191000000000000322e-03
7.561600000000000543e-01 -5.872999999999999748e-03
7.904799999999999605e-01 -5.571000000000000431e-03
8.230899999999999883e-01 -5.288000000000000166e-03
8.537000000000000144e-01 -5.028000000000000351e-03
8.820200000000000262e-01 -4.791000000000000120e-03
9.077499999999999458e-01 -4.581000000000000003e-03
9.306400000000000228e-01 -4.396999999999999867e-03
9.504399999999999515e-01 -4.240999999999999978e-03
9.669799999999999507e-01 -4.112000000000000204e-03
9.803699999999999637e-01 -4.007000000000000145e-03
9.907000000000000250e-01 -3.924999999999999670e-03
9.975399999999999823e-01 -3.869000000000000043e-03
1.000000000000000000e+00 -3.848999999999999991e-03
