1.000000000000000000e+00 1.000000000000000021e-03
9.989299999999999846e-01 1.060411113661371583e-03
9.957200000000000495e-01 1.242132918669421092e-03
9.903899999999999926e-01 1.546761189672078620e-03
9.829599999999999449e-01 1.986687849687183028e-03
9.734699999999999465e-01 2.535060541242665708e-03
9.619400000000000173e-01 3.215231752728026429e-03
9.484399999999999498e-01 4.010995934076925021e-03
9.330100000000000060e-01 4.925767896449511143e-03
9.157300000000000439e-01 5.952800585851679947e-03
8.966800000000000326e-01 7.074746295431478572e-03
8.759200000000000319e-01 8.293514878156183281e-03
8.535500000000000309e-01 9.630469887446452271e-03
8.296700000000000186e-01 1.109627238732998830e-02
8.043799999999999839e-01 1.274097800949385538e-02
7.777899999999999814e-01 1.460417444522852520e-02
7.500000000000000000e-01 1.671508468627929539e-02
7.211400000000000032e-01 1.910274438951939727e-02
6.913399999999999546e-01 2.174607656399231773e-02
6.607199999999999740e-01 2.466399700698625186e-02
6.294100000000000250e-01 2.780550253597769556e-02
5.975500000000000256e-01 3.109971333252576492e-02
5.652599999999999847e-01 3.443589161402855342e-02
5.326999999999999513e-01 3.762345417447881396e-02
5.000000000000000000e-01 4.054195312500000203e-02
4.672999999999999932e-01 4.310106258095887377e-02
4.347400000000000153e-01 4.524055471052901289e-02
4.024499999999999744e-01 4.699027695383647257e-02
3.705899999999999750e-01 4.835013183880723653e-02
3.392800000000000260e-01 4.933005956955215099e-02
3.086599999999999899e-01 4.989002542864194589e-02
2.788599999999999968e-01 4.997001019708424696e-02
2.500000000000000000e-01 4.961000381469726772e-02
2.222099999999999909e-01 4.886000132090746739e-02
1.956199999999999883e-01 4.777000041948775699e-02
1.703300000000000092e-01 4.630000012067583826e-02
1.464499999999999968e-01 4.447000003098877663e-02
1.240799999999999959e-01 4.225000000697134300e-02
1.033199999999999952e-01 3.968000000134171146e-02
8.426999999999999769e-02 3.675000000021431262e-02
6.698999999999999400e-02 3.348000000002717552e-02
5.156000000000000166e-02 2.990000000000257382e-02
3.805999999999999661e-02 2.606000000000016636e-02
2.653000000000000150e-02 2.201000000000000525e-02
1.703999999999999959e-02 1.781999999999999904e-02
9.610000000000000486e-03 1.341000000000000004e-02
4.279999999999999950e-03 8.829999999999999308e-03
1.069999999999999988e-03 4.340000000000000108e-03
0.000000000000000000e+00 0.000000000000000000e+00
1.069999999999999988e-03 -4.340000000000000108e-03
4.279999999999999950e-03 -8.829999999999999308e-03
9.610000000000000486e-03 -1.341000000000000004e-02
1.703999999999999959e-02 -1.781999999999999904e-02
2.653000000000000150e-02 -2.201000000000000525e-02
3.805999999999999661e-02 -2.606000000000016636e-02
5.156000000000000166e-02 -2.990000000000257382e-02
6.698999999999999400e-02 -3.348000000002717552e-02
8.426999999999999769e-02 -3.675000000021431262e-02
1.033199999999999952e-01 -3.968000000134171146e-02
1.240799999999999959e-01 -4.225000000697134300e-02
1.464499999999999968e-01 -4.447000003098877663e-02
1.703300000000000092e-01 -4.630000012067583826e-02
1.956199999999999883e-01 -4.777000041948775699e-02
2.222099999999999909e-01 -4.886000132090746739e-02
2.500000000000000000e-01 -4.961000381469726772e-02
2.788599999999999968e-01 -4.997001019708424696e-02
3.086599999999999899e-01 -4.989002542864194589e-02
3.392800000000000260e-01 -4.933005956955215099e-02
3.705899999999999750e-01 -4.835013183880723653e-02
4.024499999999999744e-01 -4.699027695383647257e-02
4.347400000000000153e-01 -4.524055471052901289e-02
4.672999999999999932e-01 -4.310106258095887377e-02
5.000000000000000000e-01 -4.054195312500000203e-02
5.326999999999999513e-01 -3.762345417447881396e-02
5.652599999999999847e-01 -3.443589161402855342e-02
5.975500000000000256e-01 -3.109971333252576492e-02
6.294100000000000250e-01 -2.780550253597769556e-02
6.607199999999999740e-01 -2.466399700698625186e-02
6.913399999999999546e-01 -2.174607656399231773e-02
7.211400000000000032e-01 -1.910274438951939727e-02
7.500000000000000000e-01 -1.671508468627929539e-02
7.777899999999999814e-01 -1.460417444522852520e-02
8.043799999999999839e-01 -1.274097800949385538e-02
8.296700000000000186e-01 -1.109627238732998830e-02
8.535500000000000309e-01 -9.630469887446452271e-03
8.759200000000000319e-01 -8.293514878156183281e-03
8.966800000000000326e-01 -7.074746295431478572e-03
9.157300000000000439e-01 -5.952800585851679947e-03
9.330100000000000060e-01 -4.925767896449511143e-03
9.484399999999999498e-01 -4.010995934076925021e-03
9.619400000000000173e-01 -3.215231752728026429e-03
9.734699999999999465e-01 -2.535060541242665708e-03
9.829599999999999449e-01 -1.986687849687183028e-03
9.903899999999999926e-01 -1.546761189672078620e-03
9.957200000000000495e-01 -1.242132918669421092e-03
9.989299999999999846e-01 -1.060411113661371583e-03
1.000000000000000000e+00 -1.000000000000000021e-03
