1.000000000000000000e+00 1.000000000000000021e-03
9.967599999999999794e-01 1.341215070413443507e-03
9.871600000000000374e-01 2.480200725322772009e-03
9.715500000000000247e-01 4.601234422138724203e-03
9.503200000000000536e-01 7.802162636941702145e-03
9.239600000000000035e-01 1.209077059276261572e-02
8.930099999999999705e-01 1.740116603355411004e-02
8.579900000000000304e-01 2.357196489388289906e-02
8.194500000000000117e-01 3.041661041115907224e-02
7.779300000000000104e-01 3.768434332673415571e-02
7.339599999999999458e-01 4.514180897306149798e-02
6.880699999999999594e-01 5.253456954045379601e-02
6.407699999999999507e-01 5.961821040204504790e-02
5.925700000000000411e-01 6.613900859258520226e-02
5.439899999999999736e-01 7.185417174972927312e-02
4.954600000000000115e-01 7.646179919147583215e-02
4.472999999999999754e-01 7.980071678693960446e-02
3.998599999999999932e-01 8.176026131940150599e-02
3.535099999999999909e-01 8.234008622145187750e-02
3.085899999999999754e-01 8.154002537678708973e-02
2.654699999999999838e-01 7.941000654845802031e-02
2.245300000000000074e-01 7.607000145033854244e-02
1.861599999999999921e-01 7.160000026852042510e-02
1.507100000000000106e-01 6.609000004011239549e-02
1.185100000000000042e-01 5.965000000461100071e-02
8.984000000000000319e-02 5.238000000038126741e-02
6.489999999999999936e-02 4.442000000002042925e-02
4.386999999999999927e-02 3.595000000000060647e-02
2.683999999999999928e-02 2.720000000000000542e-02
1.391000000000000049e-02 1.844000000000000153e-02
5.089999999999999906e-03 1.004000000000000031e-02
4.499999999999999877e-04 2.599999999999999881e-03
8.199999999999999824e-04 -2.959999999999999958e-03
6.919999999999999936e-03 -7.100000000000000408e-03
1.859999999999999848e-02 -1.060000000000000005e-02
3.565000000000000113e-02 -1.322000000000009452e-02
5.795999999999999763e-02 -1.494000000000738140e-02
8.538999999999999369e-02 -1.581000000024136015e-02
1.177099999999999952e-01 -1.592000000433830761e-02
1.546200000000000074e-01 -1.539000005051158713e-02
1.957299999999999873e-01 -1.433000042161549671e-02
2.405899999999999983e-01 -1.285000270083559888e-02
2.887000000000000122e-01 -1.109001393224345877e-02
3.394800000000000040e-01 -9.160059886335848375e-03
3.923300000000000121e-01 -7.170220223501934560e-03
4.466200000000000170e-01 -5.190707039219854928e-03
5.016800000000000148e-01 -3.342012987554863514e-03
5.568199999999999816e-01 -1.665145569326236365e-03
6.113600000000000145e-01 -2.119308993807718551e-04
6.646300000000000541e-01 9.646942353473515145e-04
7.159600000000000408e-01 1.840569063978294683e-03
7.647000000000000464e-01 2.410583058309434968e-03
8.102399999999999602e-01 2.669504637640933171e-03
8.519999999999999796e-01 2.633431806824289116e-03
8.894400000000000084e-01 2.321622650834230007e-03
9.220699999999999452e-01 1.798190864400378173e-03
9.494399999999999507e-01 1.123086356134654455e-03
9.712100000000000177e-01 4.111912651368412885e-04
9.870700000000000029e-01 -2.594705501895416388e-04
9.967500000000000249e-01 -7.911273804492798033e-04
1.000010000000000066e+00 -1.000000000000000021e-03
