1.000000000000000000e+00 0.000000000000000000e+00
9.962600000000000344e-01 9.499999999999999981e-04
9.856200000000000516e-01 4.120000000000000398e-03
9.692499999999999449e-01 9.700000000000000289e-03
9.481500000000000483e-01 1.717000000000000123e-02
9.227600000000000247e-01 2.594000000000000125e-02
8.933999999999999719e-01 3.577999999999999931e-02
8.608599999999999586e-01 4.666000000000000009e-02
8.260800000000000365e-01 5.779999999999999721e-02
7.901399999999999535e-01 6.754999999999999893e-02
7.512299999999999534e-01 7.523000000000000520e-02
7.093000000000000416e-01 8.143999999999999850e-02
6.649000000000000465e-01 8.649999999999999356e-02
6.185199999999999587e-01 9.013000000000000178e-02
5.706700000000000106e-01 9.327000000000000568e-02
5.218500000000000361e-01 9.499000000000000499e-02
4.726000000000000201e-01 9.561999999999999666e-02
4.234299999999999731e-01 9.515999999999999459e-02
3.748600000000000265e-01 9.364999999999999714e-02
3.274000000000000243e-01 9.112000000000000655e-02
2.815500000000000225e-01 8.762000000000000344e-02
2.378000000000000114e-01 8.321000000000000618e-02
1.965999999999999970e-01 7.796999999999999764e-02
1.583900000000000030e-01 7.197000000000000619e-02
1.235900000000000054e-01 6.532000000000000306e-02
9.254999999999999338e-02 5.811999999999999805e-02
6.565000000000000002e-02 5.049000000000000016e-02
4.320000000000000229e-02 4.256999999999999673e-02
2.560000000000000123e-02 3.436000000000000165e-02
1.294999999999999971e-02 2.561000000000000082e-02
4.709999999999999777e-03 1.634000000000000036e-02
4.899999999999999842e-04 7.440000000000000432e-03
5.900000000000000296e-04 3.899999999999999929e-04
6.779999999999999569e-03 -4.959999999999999999e-03
1.972000000000000142e-02 -9.960000000000000103e-03
3.826999999999999846e-02 -1.484000000000000076e-02
6.207000000000000017e-02 -1.950999999999999956e-02
9.074000000000000121e-02 -2.392000000000000029e-02
1.238999999999999962e-01 -2.801000000000000018e-02
1.611400000000000055e-01 -3.173999999999999738e-02
2.020000000000000129e-01 -3.506000000000000089e-02
2.459899999999999864e-01 -3.790999999999999925e-02
2.925900000000000167e-01 -4.027000000000000024e-02
3.412499999999999978e-01 -4.206000000000000016e-02
3.914000000000000257e-01 -4.324999999999999678e-02
4.424399999999999999e-01 -4.379000000000000253e-02
4.937799999999999967e-01 -4.359999999999999987e-02
5.448199999999999710e-01 -4.261000000000000204e-02
5.949100000000000499e-01 -4.068999999999999700e-02
6.435300000000000464e-01 -3.771000000000000046e-02
6.899399999999999977e-01 -3.302000000000000074e-02
7.348900000000000432e-01 -2.563999999999999960e-02
7.799500000000000322e-01 -1.677999999999999978e-02
8.245200000000000307e-01 -8.829999999999999308e-03
8.667599999999999749e-01 -2.880000000000000181e-03
9.050799999999999956e-01 8.899999999999999491e-04
9.381699999999999484e-01 2.599999999999999881e-03
9.648999999999999799e-01 2.629999999999999959e-03
9.843699999999999672e-01 1.649999999999999991e-03
9.960999999999999854e-01 5.000000000000000104e-04
