1.000000000000000000e+00 1.000000000000000021e-03
9.498299999999999521e-01 1.302923510271157374e-02
8.997100000000000097e-01 2.418629841658537227e-02
7.994599999999999485e-01 4.472340455334481574e-02
6.992000000000000437e-01 6.642994043371988622e-02
5.989700000000000024e-01 8.619992306046807273e-02
4.987599999999999811e-01 1.029919099612068428e-01
3.986100000000000199e-01 1.157802540584870615e-01
2.985700000000000021e-01 1.195800188545214221e-01
1.986300000000000010e-01 1.143800004812863952e-01
1.487300000000000011e-01 1.057800000356112491e-01
9.889000000000000568e-02 9.219000000090442348e-02
7.402000000000000246e-02 8.139000000006670066e-02
4.918999999999999762e-02 6.759000000000167652e-02
2.437999999999999889e-02 5.129000000000000226e-02
1.207000000000000087e-02 3.613999999999999851e-02
0.000000000000000000e+00 0.000000000000000000e+00
1.278999999999999929e-02 -2.384999999999999967e-02
2.537000000000000019e-02 -3.070000000000000506e-02
5.041000000000000342e-02 -3.440000000000210251e-02
7.542999999999999705e-02 -3.609000000007904496e-02
1.004300000000000054e-01 -3.579000000103937235e-02
1.503700000000000037e-01 -3.120000003930526941e-02
2.003099999999999881e-01 -2.560000051918684405e-02
3.002699999999999814e-01 -2.240001984300746263e-02
4.002899999999999792e-01 -2.420026385945842073e-02
5.003199999999999870e-01 -2.700196440384304911e-02
6.003500000000000503e-01 -2.881013072752395404e-02
7.003300000000000081e-01 -2.764052514480689476e-02
8.002599999999999714e-01 -2.153461082560452489e-02
9.001500000000000057e-01 -1.258800200730469075e-02
9.500800000000000356e-01 -7.230727233363669695e-03
1.000000000000000000e+00 -1.000000000000000021e-03
