1.000000000000000000e+00 1.000000000000000021e-03
9.499969999999999803e-01 6.300231497599223865e-03
8.999930000000000430e-01 1.192739337040947013e-02
8.499900000000000233e-01 1.724159242328999683e-02
7.999859999999999749e-01 2.311419659018753084e-02
7.499829999999999552e-01 2.822506937039198985e-02
6.999800000000000466e-01 3.376034323154402522e-02
6.499759999999999982e-01 3.951070503112636551e-02
5.999729999999999785e-01 4.467007361526770248e-02
5.499699999999999589e-01 4.933460310626086587e-02
4.999680000000000235e-01 5.370195200028795440e-02
4.499650000000000039e-01 5.747075615113089037e-02
3.999639999999999862e-01 6.054026193173978054e-02
3.499619999999999953e-01 6.301007873865796527e-02
2.999609999999999776e-01 6.498001965998286000e-02
2.499599999999999878e-01 6.595000380920761074e-02
1.999599999999999989e-01 6.622000051107913843e-02
1.499610000000000110e-01 6.419000003835349799e-02
1.249630000000000046e-01 6.127500000743076047e-02
9.996599999999999930e-02 5.706000000099694519e-02
7.496899999999999398e-02 5.144500000007480589e-02
4.997399999999999759e-02 4.283000000000194291e-02
2.997999999999999970e-02 3.311800000000002242e-02
1.998399999999999829e-02 2.701200000000000129e-02
9.988000000000000350e-03 1.920600000000000085e-02
0.000000000000000000e+00 0.000000000000000000e+00
1.000900000000000054e-02 -1.509399999999999978e-02
2.001000000000000001e-02 -1.758799999999999947e-02
3.001099999999999948e-02 -1.898200000000001969e-02
5.001200000000000090e-02 -2.057000000000195825e-02
7.501299999999999635e-02 -2.265500000007520179e-02
1.000150000000000067e-01 -2.474000000100135335e-02
1.250159999999999882e-01 -2.682500000745917032e-02
1.500170000000000115e-01 -2.911000003848258910e-02
2.000190000000000023e-01 -3.268000051243792614e-02
2.500209999999999932e-01 -3.535000381758214572e-02
3.000220000000000109e-01 -3.682001969599459079e-02
3.500219999999999998e-01 -3.709007886023701211e-02
4.000219999999999887e-01 -3.676026227378983297e-02
4.500210000000000043e-01 -3.553075699850778008e-02
5.000200000000000200e-01 -3.380195382823750899e-02
5.500190000000000357e-01 -3.147460679863219035e-02
6.000170000000000226e-01 -2.875008026610374745e-02
6.500150000000000095e-01 -2.543071621493996418e-02
7.000129999999999963e-01 -2.222036035231823511e-02
7.500109999999999832e-01 -1.862509459803936285e-02
8.000089999999999701e-01 -1.505423131815650413e-02
8.500069999999999570e-01 -1.142163411375178919e-02
9.000040000000000262e-01 -7.947435986095062466e-03
9.500020000000000131e-01 -4.460261351392933935e-03
1.000000000000000000e+00 -1.000000000000000021e-03
