1.000000000000000000e+00 1.000000000000000021e-03
9.500899999999999901e-01 5.750786983954129898e-03
9.001900000000000457e-01 1.105815720983004125e-02
8.502699999999999703e-01 1.686227994020542478e-02
8.003200000000000314e-01 2.280470168563690156e-02
7.503400000000000070e-01 2.868539158789386312e-02
7.003300000000000081e-01 3.434052514480689239e-02
6.502900000000000347e-01 3.960079522770851290e-02
6.002199999999999758e-01 4.430011100121460793e-02
5.501200000000000534e-01 4.834461441774560303e-02
5.000000000000000000e-01 5.159195312499999936e-02
4.498599999999999821e-01 5.391075456457147808e-02
3.997100000000000097e-01 5.518026043846243484e-02
3.495599999999999818e-01 5.530007792836708069e-02
2.993999999999999995e-01 5.414001933152716439e-02
2.492499999999999993e-01 5.169000371292779145e-02
1.991199999999999914e-01 4.792000049207800066e-02
1.490100000000000036e-01 4.263000003621918860e-02
9.894000000000000017e-02 3.539000000090854192e-02
7.394000000000000572e-02 3.077000000006605354e-02
4.896999999999999964e-02 2.510000000000162101e-02
2.408000000000000071e-02 1.765000000000000249e-02
1.170000000000000033e-02 1.255000000000000039e-02
6.799999999999999621e-03 9.730000000000000801e-03
4.360000000000000160e-03 7.960000000000000062e-03
0.000000000000000000e+00 0.000000000000000000e+00
5.629999999999999588e-03 -6.960000000000000041e-03
8.200000000000000691e-03 -8.330000000000000598e-03
1.329999999999999932e-02 -1.041000000000000085e-02
2.591999999999999860e-02 -1.393000000000000488e-02
5.102999999999999897e-02 -1.878000000000234690e-02
7.606000000000000261e-02 -2.229000000008519305e-02
1.010599999999999971e-01 -2.505000000109954689e-02
1.509900000000000131e-01 -2.917000004078812089e-02
2.008800000000000030e-01 -3.200000053263573480e-02
2.507499999999999729e-01 -3.379000391893874355e-02
3.005999999999999783e-01 -3.470002004014161728e-02
3.504399999999999737e-01 -3.470007971187869661e-02
4.002899999999999792e-01 -3.376026385945841979e-02
4.501399999999999846e-01 -3.201075880198690077e-02
5.000000000000000000e-01 -2.953195312499999961e-02
5.498800000000000354e-01 -2.644459633120698275e-02
5.997799999999999798e-01 -2.288004448833754270e-02
6.497100000000000097e-01 -1.900062889480717138e-02
6.996700000000000141e-01 -1.490018271491720149e-02
7.496599999999999930e-01 -1.078477889567861815e-02
7.996799999999999464e-01 -6.883735316552191778e-03
8.497299999999999853e-01 -3.400955635006597429e-03
8.998099999999999987e-01 -7.166850113594552601e-04
9.499100000000000321e-01 5.702877572345866090e-04
1.000000000000000000e+00 -1.000000000000000021e-03
