1.000000000000000000e+00 1.000000000000000021e-03
9.967399999999999594e-01 1.321039697522903783e-03
9.870700000000000029e-01 2.389470550189541805e-03
9.712600000000000122e-01 4.439165027717582694e-03
9.496999999999999886e-01 7.618460435506568817e-03
9.229199999999999626e-01 1.198582126067028117e-02
8.914699999999999847e-01 1.748559905225197109e-02
8.559499999999999886e-01 2.397662413010268057e-02
8.169399999999999995e-01 3.123207329041570099e-02
7.750099999999999767e-01 3.898087086764100151e-02
7.307099999999999707e-01 4.693938892410111363e-02
6.845499999999999918e-01 5.481301007971910860e-02
6.370099999999999651e-01 6.232727095095225156e-02
5.885599999999999721e-01 6.920847455079870425e-02
5.396600000000000286e-01 7.525388223715107072e-02
4.907299999999999995e-01 8.028165037819963434e-02
4.421999999999999820e-01 8.415064650017115011e-02
3.945000000000000173e-01 8.676023143181851860e-02
3.480500000000000260e-01 8.804007495053596533e-02
3.032299999999999995e-01 8.793002167452024231e-02
2.604299999999999948e-01 8.643000551085645855e-02
2.200199999999999934e-01 8.355000120825734067e-02
1.823200000000000098e-01 7.933000022259162343e-02
1.476500000000000035e-01 7.381000003335040638e-02
1.162200000000000039e-01 6.708000000386836470e-02
8.823000000000000287e-02 5.927000000032400101e-02
6.383999999999999397e-02 5.059000000001761393e-02
4.320000000000000229e-02 4.130000000000053073e-02
2.645000000000000129e-02 3.168000000000000677e-02
1.374000000000000048e-02 2.204000000000000056e-02
5.170000000000000116e-03 1.268999999999999989e-02
7.600000000000000418e-04 4.009999999999999676e-03
5.800000000000000034e-04 -3.119999999999999944e-03
5.749999999999999903e-03 -8.640000000000000110e-03
1.661999999999999936e-02 -1.315000000000000023e-02
3.262999999999999928e-02 -1.645000000000004098e-02
5.396999999999999714e-02 -1.844000000000388731e-02
8.062999999999999334e-02 -1.935000000014403324e-02
1.123699999999999977e-01 -1.939000000285662564e-02
1.488400000000000001e-01 -1.872000003584899444e-02
1.895999999999999908e-01 -1.750000031662485300e-02
2.341699999999999893e-01 -1.580000211729466753e-02
2.820599999999999774e-01 -1.373001129987174232e-02
3.327200000000000157e-01 -1.141004997009397760e-02
3.855600000000000138e-01 -8.940188290211988076e-03
4.399600000000000177e-01 -6.420617616287324116e-03
4.952900000000000080e-01 -3.971793643120930146e-03
5.508999999999999453e-01 -1.704673636715009141e-03
6.060699999999999976e-01 2.389667086707767535e-04
6.600700000000000456e-01 1.796214627802719720e-03
7.121800000000000352e-01 2.912868858344086660e-03
7.616899999999999782e-01 3.583701293719475291e-03
8.079600000000000115e-01 3.823273436958829225e-03
8.503699999999999593e-01 3.677474078730531663e-03
8.883499999999999730e-01 3.195446266547289672e-03
9.214200000000000168e-01 2.471239059030458114e-03
9.491199999999999637e-01 1.594985453585652481e-03
9.710999999999999632e-01 6.719745930660851610e-04
9.870600000000000485e-01 -1.593894524907422646e-04
9.967500000000000249e-01 -7.711273804492798593e-04
1.000010000000000066e+00 -1.000000000000000021e-03
