1.000000000000000000e+00 2.000000000000000042e-03
9.968900000000000539e-01 2.690000000000000117e-03
9.875899999999999679e-01 4.740000000000000289e-03
9.722199999999999731e-01 8.120000000000000481e-03
9.509699999999999820e-01 1.278999999999999929e-02
9.240899999999999670e-01 1.864000000000000032e-02
8.919099999999999806e-01 2.553000000000000061e-02
8.573199999999999710e-01 3.271999999999999909e-02
8.188499999999999668e-01 4.036000000000000004e-02
7.771500000000000075e-01 4.841999999999999776e-02
7.328999999999999959e-01 5.671999999999999958e-02
6.867799999999999461e-01 6.501999999999999447e-02
6.394600000000000284e-01 7.298999999999999932e-02
5.915899999999999492e-01 8.025000000000000189e-02
5.437899999999999956e-01 8.619999999999999885e-02
4.961400000000000254e-01 9.013000000000000178e-02
4.482800000000000118e-01 9.193999999999999395e-02
4.003700000000000037e-01 9.214999999999999580e-02
3.529599999999999960e-01 9.109000000000000430e-02
3.066200000000000037e-01 8.891999999999999904e-02
2.619099999999999762e-01 8.577999999999999514e-02
2.193700000000000094e-01 8.178000000000000547e-02
1.795400000000000051e-01 7.703999999999999737e-02
1.429700000000000137e-01 7.162999999999999923e-02
1.101899999999999963e-01 6.561999999999999778e-02
8.180999999999999384e-02 5.886999999999999872e-02
5.802999999999999825e-02 5.090999999999999692e-02
3.844999999999999807e-02 4.166000000000000258e-02
2.281000000000000041e-02 3.160000000000000309e-02
1.116999999999999937e-02 2.128000000000000030e-02
3.569999999999999823e-03 1.122000000000000081e-02
1.700000000000000122e-04 2.170000000000000054e-03
1.000000000000000082e-05 3.899999999999999929e-04
9.000000000000000567e-05 -1.469999999999999953e-03
5.400000000000000069e-04 -3.079999999999999839e-03
1.510000000000000057e-03 -4.539999999999999765e-03
3.000000000000000062e-03 -6.000000000000000125e-03
1.017999999999999981e-02 -1.064999999999999974e-02
2.452000000000000013e-02 -1.660000000000000017e-02
4.424000000000000155e-02 -2.242999999999999855e-02
6.895999999999999353e-02 -2.810999999999999957e-02
9.829999999999999849e-02 -3.357000000000000262e-02
1.318000000000000005e-01 -3.876000000000000278e-02
1.690200000000000036e-01 -4.356999999999999762e-02
2.094300000000000050e-01 -4.791000000000000120e-02
2.525000000000000022e-01 -5.165999999999999759e-02
2.976900000000000102e-01 -5.467000000000000332e-02
3.444099999999999939e-01 -5.677999999999999714e-02
3.920799999999999841e-01 -5.775999999999999884e-02
4.401100000000000012e-01 -5.736000000000000126e-02
4.878700000000000259e-01 -5.494999999999999885e-02
5.356999999999999540e-01 -4.954999999999999682e-02
5.848600000000000465e-01 -4.152000000000000135e-02
6.354400000000000048e-01 -3.252000000000000030e-02
6.864500000000000046e-01 -2.370999999999999844e-02
7.368200000000000305e-01 -1.572000000000000133e-02
7.854799999999999560e-01 -8.999999999999999320e-03
8.313500000000000334e-01 -3.769999999999999914e-03
8.734300000000000397e-01 -1.800000000000000113e-04
9.107300000000000395e-01 1.799999999999999951e-03
9.422800000000000065e-01 2.380000000000000171e-03
9.673399999999999777e-01 1.990000000000000015e-03
9.854399999999999826e-01 1.149999999999999981e-03
9.963600000000000234e-01 3.400000000000000244e-04
1.000000000000000000e+00 0.000000000000000000e+00
