1.000000000000000000e+00 1.000000000000000021e-03
9.500499999999999501e-01 4.270548011776765206e-03
9.001000000000000112e-01 8.467808081720533397e-03
8.501300000000000523e-01 1.320193595530621752e-02
8.001500000000000279e-01 1.815444439035965307e-02
7.501600000000000490e-01 2.309522897195695826e-02
7.001500000000000501e-01 2.781043149855384755e-02
6.501299999999999857e-01 3.221074922412008046e-02
6.000999999999999668e-01 3.618009282262561743e-02
5.500500000000000389e-01 3.959460913598167320e-02
5.000000000000000000e-01 4.236195312500000421e-02
4.499400000000000066e-01 4.431075577310993746e-02
3.998700000000000032e-01 4.528026137822484948e-02
3.497999999999999998e-01 4.494007841122635294e-02
2.997400000000000064e-01 4.370001953000375583e-02
2.496800000000000130e-01 4.152000377097628259e-02
1.996199999999999919e-01 3.835000050331104776e-02
1.495799999999999907e-01 3.405000003748536591e-02
9.954999999999999960e-02 2.832000000096022291e-02
7.455000000000000515e-02 2.471000000007112646e-02
4.955999999999999989e-02 2.032000000000180537e-02
2.460000000000000034e-02 1.457000000000000309e-02
1.214999999999999934e-02 1.058000000000000086e-02
7.190000000000000210e-03 8.279999999999999166e-03
4.720000000000000237e-03 6.819999999999999674e-03
0.000000000000000000e+00 0.000000000000000000e+00
5.279999999999999971e-03 -6.320000000000000097e-03
7.810000000000000102e-03 -7.579999999999999932e-03
1.285000000000000031e-02 -9.499999999999999764e-03
2.539999999999999897e-02 -1.271000000000000602e-02
5.043999999999999873e-02 -1.716000000000211453e-02
7.545000000000000318e-02 -2.047000000007923731e-02
1.004499999999999976e-01 -2.316000000104123657e-02
1.504199999999999982e-01 -2.733000003942305522e-02
2.003800000000000026e-01 -3.039000052082203515e-02
2.503199999999999870e-01 -3.256000385886825138e-02
3.002600000000000269e-01 -3.398001983706071261e-02
3.502000000000000113e-01 -3.464007922190396466e-02
4.001299999999999857e-01 -3.456026291176875903e-02
4.500600000000000156e-01 -3.335075758914377020e-02
5.000000000000000000e-01 -3.132195312500000300e-02
5.499500000000000499e-01 -2.863460159992668036e-02
5.998999999999999888e-01 -2.546006258952977774e-02
6.498699999999999477e-01 -2.191067466120602200e-02
6.998499999999999721e-01 -1.809027584886014131e-02
7.498399999999999510e-01 -1.413494064663917311e-02
7.998499999999999499e-01 -1.019399140537901455e-02
8.498700000000000143e-01 -6.481298327338421914e-03
8.999000000000000332e-01 -3.307033240653250387e-03
9.499499999999999611e-01 -1.109950933373167990e-03
1.000000000000000000e+00 -1.000000000000000021e-03
