1.000000000000000000e+00 1.000000000000000021e-03
9.499999999999999556e-01 1.263024940972460979e-02
9.000000000000000222e-01 2.348742048899999865e-02
8.499999999999999778e-01 3.448161694628320423e-02
8.000000000000000444e-01 4.513421772799999787e-02
7.500000000000000000e-01 5.517508468627930346e-02
6.999999999999999556e-01 6.469035360699999793e-02
6.500000000000000222e-01 7.362071191283789395e-02
5.999999999999999778e-01 8.176007769600000807e-02
5.500000000000000444e-01 8.875460536658398569e-02
5.000000000000000000e-01 9.425195312499999589e-02
4.500000000000000111e-01 9.790075668064257552e-02
4.000000000000000222e-01 9.975026214399999869e-02
3.499999999999999778e-01 1.000000788156386738e-01
2.999999999999999889e-01 9.900001968299999844e-02
2.750000000000000222e-01 9.800000899485661332e-02
2.500000000000000000e-01 9.660000381469727171e-02
2.250000000000000056e-01 9.470000147789188472e-02
2.000000000000000111e-01 9.200000051199999640e-02
1.749999999999999889e-01 8.825000015393678898e-02
1.499999999999999944e-01 8.325000003844336416e-02
1.250000000000000000e-01 7.700000000745058082e-02
1.000000000000000056e-01 6.915000000100000876e-02
7.499999999999999722e-02 5.900000000007508266e-02
5.000000000000000278e-02 4.650000000000194950e-02
2.500000000000000139e-02 3.000000000000000236e-02
1.250000000000000069e-02 1.874999999999999931e-02
0.000000000000000000e+00 0.000000000000000000e+00
1.250000000000000069e-02 -1.200000000000000025e-02
2.500000000000000139e-02 -1.800000000000000211e-02
5.000000000000000278e-02 -2.670000000000195481e-02
7.499999999999999722e-02 -3.275000000007508710e-02
1.000000000000000056e-01 -3.685000000099999951e-02
1.250000000000000000e-01 -3.930000000745058342e-02
1.499999999999999944e-01 -4.050000003844336088e-02
1.749999999999999889e-01 -4.085000015393679129e-02
2.000000000000000111e-01 -4.060000051199999516e-02
2.250000000000000056e-01 -3.995000147789187772e-02
2.500000000000000000e-01 -3.890000381469726348e-02
2.750000000000000222e-01 -3.750000899485660816e-02
2.999999999999999889e-01 -3.575001968299999777e-02
3.499999999999999778e-01 -3.185007881563867854e-02
4.000000000000000222e-01 -2.775026214400000066e-02
4.500000000000000111e-01 -2.350075668064257814e-02
5.000000000000000000e-01 -1.925195312499999867e-02
5.500000000000000444e-01 -1.532460536658398521e-02
5.999999999999999778e-01 -1.201007769599999990e-02
6.500000000000000222e-01 -9.420711912837890362e-03
6.999999999999999556e-01 -7.540353606999999382e-03
7.500000000000000000e-01 -6.075084686279296972e-03
8.000000000000000444e-01 -5.134217728000000508e-03
8.499999999999999778e-01 -4.231616946283203382e-03
9.000000000000000222e-01 -3.637420488999999930e-03
9.499999999999999556e-01 -3.130249409724609154e-03
1.000000000000000000e+00 -1.000000000000000021e-03
