1.000000000000000000e+00 1.000000000000000021e-03
9.981499999999999817e-01 1.533472679616674703e-03
9.930799999999999628e-01 3.139416361934718649e-03
9.852800000000000447e-01 5.325058333303551994e-03
9.746899999999999453e-01 7.683959945621618957e-03
9.611499999999999488e-01 1.018003625456134591e-02
9.447299999999999587e-01 1.289947263053061420e-02
9.255499999999999838e-01 1.582842402312048535e-02
9.037399999999999878e-01 1.895215321336683398e-02
8.794399999999999995e-01 2.224467043076362727e-02
8.528200000000000225e-01 2.567862524667743895e-02
8.240399999999999947e-01 2.924520021749794918e-02
7.933000000000000052e-01 3.289443343458006014e-02
7.608000000000000318e-01 3.661539541144711446e-02
7.267500000000000071e-01 4.036655426519190210e-02
6.913700000000000401e-01 4.413609065599219394e-02
6.549099999999999921e-01 4.789216330875254585e-02
6.176199999999999468e-01 5.158307651930709586e-02
5.797499999999999876e-01 5.519739889417597106e-02
5.415799999999999503e-01 5.867400833085004846e-02
5.033800000000000496e-01 6.196207521743639368e-02
4.654099999999999904e-01 6.498102452224953363e-02
4.279399999999999871e-01 6.768048133333617877e-02
3.912100000000000022e-01 6.995021462955648694e-02
3.554399999999999782e-01 7.169009055171959854e-02
3.208199999999999941e-01 7.282003600417884248e-02
2.875800000000000023e-01 7.322001345327792954e-02
2.557499999999999774e-01 7.277000468102307051e-02
2.253799999999999970e-01 7.150000150050818404e-02
1.966499999999999915e-01 6.938000043979020148e-02
1.695500000000000063e-01 6.640000011579243189e-02
1.441600000000000104e-01 6.271000002689075536e-02
1.205999999999999989e-01 5.835000000539666831e-02
9.893000000000000405e-02 5.339000000090771830e-02
7.926999999999999325e-02 4.795000000012358821e-02
6.167999999999999872e-02 4.208000000001291957e-02
4.617999999999999883e-02 3.591000000000095504e-02
3.289000000000000257e-02 2.953000000000004580e-02
2.179999999999999993e-02 2.306000000000000064e-02
1.293000000000000052e-02 1.668999999999999997e-02
6.320000000000000097e-03 1.056999999999999953e-02
2.010000000000000068e-03 4.930000000000000354e-03
0.000000000000000000e+00 1.600000000000000131e-04
9.899999999999999946e-04 -3.459999999999999968e-03
5.409999999999999878e-03 -6.179999999999999730e-03
1.305000000000000084e-02 -8.420000000000000401e-03
2.383000000000000049e-02 -1.019000000000000114e-02
3.765000000000000291e-02 -1.146000000000015236e-02
5.446999999999999759e-02 -1.227000000000422024e-02
7.419000000000000594e-02 -1.265000000006809289e-02
9.672000000000000042e-02 -1.261000000074070752e-02
1.219200000000000006e-01 -1.219000000595216009e-02
1.496800000000000075e-01 -1.143000003771151366e-02
1.798299999999999899e-01 -1.037000019667959350e-02
2.122100000000000097e-01 -9.070000872755527507e-03
2.465900000000000036e-01 -7.570003371158294699e-03
2.827899999999999858e-01 -5.930011565820056396e-03
3.205500000000000016e-01 -4.200035732387164336e-03
3.596400000000000152e-01 -2.430100649564698612e-03
3.997899999999999787e-01 -6.702609079675400173e-04
4.407499999999999751e-01 1.039372330697982665e-03
4.822100000000000275e-01 2.638590302556231490e-03
5.239000000000000323e-01 4.117026721530266282e-03
5.655200000000000227e-01 5.454083951606574984e-03
6.068400000000000460e-01 6.658839907426201618e-03
6.476800000000000335e-01 7.659943997347437063e-03
6.877600000000000380e-01 8.205570380463577881e-03
7.265700000000000491e-01 8.203571675221000420e-03
7.635800000000000365e-01 7.781754838579902668e-03
7.985999999999999766e-01 7.097881463976298683e-03
8.313800000000000079e-01 6.240243721382741221e-03
8.617299999999999960e-01 5.247976095799116586e-03
8.894600000000000284e-01 4.191552141791054023e-03
9.143700000000000161e-01 3.103215891124999626e-03
9.363200000000000411e-01 2.066880842127361440e-03
9.551500000000000545e-01 1.128325770720218016e-03
9.708200000000000163e-01 3.839653183688642585e-04
9.832800000000000429e-01 -1.892011526595293930e-04
9.923899999999999944e-01 -6.235582352498495167e-04
9.980499999999999927e-01 -8.825862689687867871e-04
1.000000000000000000e+00 -1.000000000000000021e-03
