1.000000000000000000e+00 1.000000000000000021e-03
9.500899999999999901e-01 5.740786983954129438e-03
9.001799999999999802e-01 1.065811840402612794e-02
8.502399999999999958e-01 1.561220619100407540e-02
8.002700000000000369e-01 2.042462596515901008e-02
7.502799999999999470e-01 2.496533734789848497e-02
7.002599999999999936e-01 2.911048870393461580e-02
6.502200000000000202e-01 3.278077508999475281e-02
6.001600000000000268e-01 3.590010190828536035e-02
5.500899999999999679e-01 3.836461215347406611e-02
5.000000000000000000e-01 4.003195312500000547e-02
4.499000000000000221e-01 4.078075516862580269e-02
3.998099999999999987e-01 4.069026102546130508e-02
3.497100000000000208e-01 3.982007822984336837e-02
2.996199999999999974e-01 3.824001945974733752e-02
2.495300000000000018e-01 3.592000375063584411e-02
1.994499999999999884e-01 3.277000049946650340e-02
1.493899999999999950e-01 2.869000003705900539e-02
9.936000000000000387e-02 2.340000000094385330e-02
7.437000000000000555e-02 2.012000000006959263e-02
4.939000000000000334e-02 1.625000000000174916e-02
2.443999999999999992e-02 1.140000000000000388e-02
1.200000000000000025e-02 8.219999999999999876e-03
7.060000000000000303e-03 6.420000000000000359e-03
4.599999999999999922e-03 5.239999999999999866e-03
0.000000000000000000e+00 0.000000000000000000e+00
5.400000000000000286e-03 -4.239999999999999845e-03
7.939999999999999142e-03 -5.020000000000000157e-03
1.299999999999999940e-02 -6.080000000000000335e-03
2.555999999999999939e-02 -7.680000000000004531e-03
5.061000000000000221e-02 -9.930000000002178404e-03
7.563000000000000278e-02 -1.164000000008095538e-02
1.006399999999999934e-01 -1.306000000105909768e-02
1.506099999999999939e-01 -1.523000003987349214e-02
2.005500000000000060e-01 -1.685000052481229124e-02
2.504700000000000260e-01 -1.802000387972945566e-02
3.003799999999999804e-01 -1.880001990852645660e-02
3.502899999999999903e-01 -1.922007940532985751e-02
4.001899999999999902e-01 -1.927026326679722595e-02
4.501000000000000001e-01 -1.888075819534977204e-02
5.000000000000000000e-01 -1.797195312499999878e-02
5.499100000000000099e-01 -1.646459858857273958e-02
5.998400000000000398e-01 -1.448005353531245550e-02
6.497800000000000242e-01 -1.218064890651393561e-02
6.997400000000000286e-01 -9.670218910900425791e-03
7.497200000000000530e-01 -7.064832778150316808e-03
7.997300000000000519e-01 -4.503810591594568924e-03
8.497599999999999598e-01 -2.151029031060002275e-03
8.998199999999999532e-01 -3.167236897450354839e-04
9.499100000000000321e-01 5.802877572345866352e-04
1.000000000000000000e+00 -1.000000000000000021e-03
