1.000000000000000000e+00 1.000000000000000021e-03
9.963400000000000034e-01 1.157538145783890658e-03
9.858200000000000296e-01 2.059384127679841133e-03
9.692100000000000160e-01 3.754676762348671364e-03
9.468699999999999894e-01 5.991805267515295727e-03
9.189899999999999736e-01 8.827516637474336000e-03
8.860200000000000298e-01 1.237650515941966615e-02
8.485099999999999865e-01 1.663798836549480395e-02
8.070500000000000451e-01 2.157524593166032512e-02
7.622600000000000486e-01 2.709688167293367728e-02
7.147999999999999909e-01 3.306871479670459718e-02
6.653700000000000170e-01 3.931556047620718419e-02
6.146599999999999842e-01 4.561252317831857722e-02
5.632899999999999574e-01 5.161570937241068135e-02
5.117800000000000127e-01 5.709240851740829403e-02
4.606600000000000139e-01 6.183093416701681416e-02
4.104499999999999815e-01 6.565033063006311953e-02
3.616500000000000270e-01 6.836010582693666238e-02
3.146599999999999953e-01 6.980003023944701679e-02
2.698800000000000088e-01 6.985000759514925495e-02
2.276199999999999890e-01 6.844000164018852750e-02
1.881700000000000039e-01 6.559000029576954327e-02
1.518100000000000005e-01 6.136000004282559511e-02
1.187900000000000067e-01 5.587000000470997846e-02
8.935999999999999499e-02 4.925000000036332259e-02
6.374000000000000499e-02 4.170000000001736901e-02
4.211999999999999772e-02 3.343000000000041771e-02
2.468000000000000055e-02 2.472000000000000239e-02
1.159999999999999920e-02 1.587999999999999828e-02
3.079999999999999839e-03 7.329999999999999710e-03
0.000000000000000000e+00 0.000000000000000000e+00
3.079999999999999839e-03 -7.329999999999999710e-03
1.159999999999999920e-02 -1.587999999999999828e-02
2.468000000000000055e-02 -2.472000000000000239e-02
4.211999999999999772e-02 -3.343000000000041771e-02
6.374000000000000499e-02 -4.170000000001736901e-02
8.935999999999999499e-02 -4.925000000036332259e-02
1.187900000000000067e-01 -5.587000000470997846e-02
1.518100000000000005e-01 -6.136000004282559511e-02
1.881700000000000039e-01 -6.559000029576954327e-02
2.276199999999999890e-01 -6.844000164018852750e-02
2.698800000000000088e-01 -6.985000759514925495e-02
3.146599999999999953e-01 -6.980003023944701679e-02
3.616500000000000270e-01 -6.836010582693666238e-02
4.104499999999999815e-01 -6.565033063006311953e-02
4.606600000000000139e-01 -6.183093416701681416e-02
5.117800000000000127e-01 -5.709240851740829403e-02
5.632899999999999574e-01 -5.161570937241068135e-02
6.146599999999999842e-01 -4.561252317831857722e-02
6.653700000000000170e-01 -3.931556047620718419e-02
7.147999999999999909e-01 -3.306871479670459718e-02
7.622600000000000486e-01 -2.709688167293367728e-02
8.070500000000000451e-01 -2.157524593166032512e-02
8.485099999999999865e-01 -1.663798836549480395e-02
8.860200000000000298e-01 -1.237650515941966615e-02
9.189899999999999736e-01 -8.827516637474336000e-03
9.468699999999999894e-01 -5.991805267515295727e-03
9.692100000000000160e-01 -3.754676762348671364e-03
9.858200000000000296e-01 -2.059384127679841133e-03
9.963400000000000034e-01 -1.157538145783890658e-03
1.000000000000000000e+00 -1.000000000000000021e-03
