1.000000000000000000e+00 1.000000000000000021e-03
9.502300000000000191e-01 9.441624020682482660e-03
9.004900000000000126e-01 1.777932298885944937e-02
8.507000000000000117e-01 2.641333930245065229e-02
8.008399999999999963e-01 3.505549142570320298e-02
7.508899999999999464e-01 4.351589040766008776e-02
7.008699999999999930e-01 5.157080724146102108e-02
6.507600000000000051e-01 5.901093088802544795e-02
6.005700000000000482e-01 6.563016418845196709e-02
5.503099999999999659e-01 7.125462878109214970e-02
5.000000000000000000e-01 7.567195312499999660e-02
4.496399999999999841e-01 7.894075124994336112e-02
3.992399999999999838e-01 8.062025769525522911e-02
3.488200000000000189e-01 8.059007645614554849e-02
2.983999999999999986e-01 7.872001875812256744e-02
2.479999999999999982e-01 7.499000354866601492e-02
1.976499999999999924e-01 6.929000046033222115e-02
1.473500000000000087e-01 6.138000003274547006e-02
9.718000000000000249e-02 5.063000000077302193e-02
7.217999999999999416e-02 4.379000000005318222e-02
4.726999999999999952e-02 3.544000000000117889e-02
2.256999999999999978e-02 2.460000000000000034e-02
1.041000000000000085e-02 1.719000000000000042e-02
5.669999999999999693e-03 1.319999999999999993e-02
3.360000000000000139e-03 1.071000000000000077e-02
0.000000000000000000e+00 0.000000000000000000e+00
6.640000000000000069e-03 -8.710000000000000728e-03
9.329999999999999752e-03 -1.039999999999999952e-02
1.459000000000000054e-02 -1.290999999999999960e-02
2.742999999999999952e-02 -1.716000000000001205e-02
5.272999999999999909e-02 -2.280000000000315108e-02
7.782000000000000028e-02 -2.685000000010466861e-02
1.028199999999999947e-01 -2.995000000128439366e-02
1.526500000000000079e-01 -3.446000004500608671e-02
2.023500000000000021e-01 -3.745000056875977951e-02
2.520000000000000018e-01 -3.919000409831058240e-02
3.015999999999999792e-01 -3.984002064819223282e-02
3.511179999999999857e-01 -3.939008111064343232e-02
4.007600000000000051e-01 -3.778026666088210583e-02
4.503499999999999726e-01 -3.514076199391583805e-02
5.000000000000000000e-01 -3.164195312500000384e-02
5.496900000000000119e-01 -2.745458205741627133e-02
5.994300000000000184e-01 -2.278999185839878858e-02
6.492400000000000393e-01 -1.801049497635940841e-02
6.991300000000000292e-01 -1.268990446060905795e-02
7.491100000000000536e-01 -7.714286577682268227e-03
7.991599999999999815e-01 -3.212954684541159504e-03
8.493000000000000549e-01 5.100940998977251820e-04
8.995100000000000318e-01 2.904473742436702258e-03
9.497700000000000031e-01 2.671122541405624058e-03
1.000000000000000000e+00 -1.000000000000000021e-03
