1.000000000000000000e+00 1.000000000000000021e-03
9.499999999999999556e-01 4.730249409724609014e-03
9.000000000000000222e-01 8.787420488999999127e-03
8.000000000000000444e-01 1.823421772800000104e-02
6.999999999999999556e-01 3.164035360700000188e-02
5.999999999999999778e-01 4.861007769599999528e-02
5.000000000000000000e-01 6.960195312499999065e-02
4.000000000000000222e-01 8.970026214399999531e-02
2.999999999999999889e-01 9.920001968299999029e-02
2.000000000000000111e-01 9.260000051199999971e-02
1.499999999999999944e-01 8.400000003844336482e-02
1.000000000000000056e-01 7.060000000100000173e-02
7.499999999999999722e-02 6.150000000007508488e-02
5.000000000000000278e-02 4.960000000000194809e-02
2.500000000000000139e-02 3.340000000000000607e-02
1.250000000000000069e-02 2.249999999999999917e-02
0.000000000000000000e+00 0.000000000000000000e+00
1.250000000000000069e-02 -1.640000000000000138e-02
2.500000000000000139e-02 -2.010000000000000328e-02
5.000000000000000278e-02 -2.300000000000195291e-02
7.499999999999999722e-02 -2.300000000007508538e-02
1.000000000000000056e-01 -2.160000000099999984e-02
1.499999999999999944e-01 -1.700000003844336083e-02
2.000000000000000111e-01 -1.380000051199999946e-02
2.999999999999999889e-01 -1.060001968300000076e-02
4.000000000000000222e-01 -9.100262144000000747e-03
5.000000000000000000e-01 -7.501953124999999507e-03
5.999999999999999778e-01 -6.010077695999999775e-03
6.999999999999999556e-01 -4.540353606999999320e-03
8.000000000000000444e-01 -3.134217728000000033e-03
9.000000000000000222e-01 -1.987420489000000373e-03
9.499999999999999556e-01 -1.430249409724609032e-03
1.000000000000000000e+00 -1.000000000000000021e-03
