1.000000000000000000e+00 1.000000000000000021e-03
9.983800000000000452e-01 2.245514122138065824e-03
9.941699999999999982e-01 5.888737100071472601e-03
9.882499999999999618e-01 1.126908635603025496e-02
9.807500000000000107e-01 1.729950802350272918e-02
9.711100000000000287e-01 2.326809658923632146e-02
9.588400000000000256e-01 2.921503898749234357e-02
9.438900000000000068e-01 3.535469250493594728e-02
9.263900000000000468e-01 4.166251001934429682e-02
9.064100000000000490e-01 4.809297350936451998e-02
8.840599999999999570e-01 5.459986456821679102e-02
8.594699999999999562e-01 6.114590366112996472e-02
8.327700000000000102e-01 6.768263076282464430e-02
8.041199999999999459e-01 7.416056842404440685e-02
7.736899999999999888e-01 8.053933512724952004e-02
7.416599999999999859e-01 8.677789592528901974e-02
7.082300000000000262e-01 9.281483001377340003e-02
6.735999999999999766e-01 9.861855082791615157e-02
6.379799999999999915e-01 1.041375090901316275e-01
6.015800000000000036e-01 1.093603190687106180e-01
5.646499999999999853e-01 1.142558346390226548e-01
5.274400000000000199e-01 1.188131590577456848e-01
4.902500000000000191e-01 1.230316359062854914e-01
4.534000000000000252e-01 1.268308097177173188e-01
4.172100000000000253e-01 1.301103829943651147e-01
3.819299999999999917e-01 1.327101729234755612e-01
3.477700000000000236e-01 1.344700744096116729e-01
3.148799999999999932e-01 1.352600304302619405e-01
2.834699999999999998e-01 1.350500118185428422e-01
2.536999999999999811e-01 1.334600043539576897e-01
2.254099999999999993e-01 1.303700015023067371e-01
1.984599999999999975e-01 1.259400004775918236e-01
1.728600000000000136e-01 1.202600001378004435e-01
1.486300000000000121e-01 1.135500000353963368e-01
1.259099999999999941e-01 1.059800000079532123e-01
1.048199999999999965e-01 9.770000000152755104e-02
8.544999999999999818e-02 8.879000000024288297e-02
6.789000000000000590e-02 7.940000000003064051e-02
5.222999999999999865e-02 6.965000000000289015e-02
3.855000000000000093e-02 5.968000000000018429e-02
2.693999999999999867e-02 4.966000000000000969e-02
1.754999999999999963e-02 3.960999999999999938e-02
1.027999999999999921e-02 2.954000000000000029e-02
4.950000000000000407e-03 1.968999999999999917e-02
1.549999999999999946e-03 1.033000000000000064e-02
5.000000000000000240e-05 1.779999999999999898e-03
4.400000000000000157e-04 -5.610000000000000403e-03
2.639999999999999986e-03 -1.119999999999999989e-02
7.889999999999999444e-03 -1.426999999999999970e-02
1.718000000000000083e-02 -1.549999999999999989e-02
3.005999999999999991e-02 -1.584000000000002073e-02
4.626999999999999863e-02 -1.532000000000097173e-02
6.561000000000000165e-02 -1.404000000002252925e-02
8.787000000000000366e-02 -1.202000000031229476e-02
1.128200000000000036e-01 -9.250000002961248843e-03
1.401999999999999913e-01 -5.630000020928211009e-03
1.700599999999999890e-01 -7.500001189650996143e-04
2.027799999999999880e-01 5.349999420269607557e-03
2.384000000000000008e-01 1.212999751253911879e-02
2.767299999999999760e-01 1.927999048286591771e-02
3.175000000000000044e-01 2.651996721361256013e-02
3.604399999999999826e-01 3.357989731740653599e-02
4.051899999999999946e-01 4.020970560633060215e-02
4.513900000000000134e-01 4.617922202184555902e-02
4.985999999999999877e-01 5.128809554608641796e-02
5.463900000000000423e-01 5.533565965070996046e-02
5.942800000000000304e-01 5.819075472077620687e-02
6.417599999999999971e-01 5.974153480910721764e-02
6.883200000000000429e-01 5.990531725216197839e-02
7.334399999999999809e-01 5.865858402871605010e-02
7.765999999999999570e-01 5.601725126685400125e-02
8.172899999999999610e-01 5.202730070688774133e-02
8.549999999999999822e-01 4.681582846549253024e-02
8.892799999999999594e-01 4.053218626677284470e-02
9.196600000000000330e-01 3.339940676693162191e-02
9.457299999999999596e-01 2.563479223481313421e-02
9.669299999999999562e-01 1.748115163964805013e-02
9.825500000000000345e-01 9.746522768334528464e-03
9.926800000000000068e-01 3.743983621226006173e-03
9.982499999999999707e-01 1.656401990078237765e-04
1.000000000000000000e+00 -1.000000000000000021e-03
