1.000000000000000000e+00 1.000000000000000021e-03
9.979599999999999582e-01 1.141789106645961418e-03
9.919700000000000184e-01 1.740008338440104420e-03
9.823100000000000165e-01 2.961602812404104303e-03
9.692300000000000360e-01 4.824816931177246422e-03
9.529100000000000348e-01 7.307838808672770768e-03
9.335400000000000365e-01 1.044851323409133614e-02
9.113400000000000389e-01 1.426363456489943005e-02
8.866100000000000092e-01 1.874852724608425114e-02
8.596300000000000052e-01 2.383633273462161528e-02
8.306999999999999940e-01 2.942836399560491353e-02
8.001399999999999624e-01 3.542442926895708610e-02
7.682299999999999685e-01 4.164320117001833049e-02
7.352800000000000447e-01 4.787281665087120275e-02
7.015799999999999814e-01 5.376118080202808153e-02
6.670300000000000118e-01 5.901614016368097321e-02
6.315300000000000358e-01 6.369597886301883727e-02
5.953500000000000458e-01 6.781939617770278705e-02
5.586499999999999799e-01 7.137529978471056358e-02
5.216300000000000381e-01 7.437285932186565862e-02
4.845099999999999962e-01 7.677147137951560729e-02
4.474899999999999989e-01 7.856071953183187129e-02
4.107899999999999885e-01 7.974033310317014955e-02
3.745899999999999785e-01 8.026014521303886928e-02
3.390699999999999825e-01 8.016005923853319892e-02
3.044600000000000084e-01 7.945002247875156132e-02
2.709300000000000042e-01 7.812000786527428797e-02
2.386999999999999955e-01 7.622000251577484842e-02
2.079600000000000060e-01 7.375000072747533997e-02
1.788800000000000112e-01 7.072000018752366834e-02
1.516599999999999893e-01 6.715000004244627008e-02
1.264299999999999868e-01 6.303000000825374760e-02
1.033099999999999991e-01 5.840000000134054625e-02
8.246000000000000552e-02 5.320000000017627295e-02
6.388000000000000622e-02 4.745000000001771412e-02
4.757000000000000117e-02 4.130000000000125238e-02
3.364000000000000323e-02 3.479000000000005699e-02
2.207999999999999893e-02 2.802999999999999936e-02
1.306000000000000043e-02 2.119000000000000050e-02
6.490000000000000109e-03 1.418999999999999949e-02
2.150000000000000001e-03 7.250000000000000368e-03
3.000000000000000076e-05 8.599999999999999789e-04
7.500000000000000156e-04 -4.290000000000000410e-03
4.989999999999999644e-03 -8.590000000000000413e-03
1.260000000000000009e-02 -1.286999999999999950e-02
2.322000000000000106e-02 -1.701000000000000428e-02
3.674000000000000182e-02 -2.091000000000012293e-02
5.303999999999999687e-02 -2.451000000000332427e-02
7.204000000000000681e-02 -2.777000000005225983e-02
9.363000000000000489e-02 -3.066000000055301225e-02
1.176999999999999991e-01 -3.316000000433499267e-02
1.441199999999999981e-01 -3.527000002682367796e-02
1.727299999999999947e-01 -3.697000013687053860e-02
2.033899999999999875e-01 -3.829000059561601249e-02
2.358999999999999986e-01 -3.921000226230662855e-02
2.700699999999999767e-01 -3.977000764340900968e-02
3.057000000000000273e-01 -3.996002331626317267e-02
3.425599999999999756e-01 -3.982006495758189796e-02
3.804199999999999804e-01 -3.936016686685130800e-02
4.190499999999999781e-01 -3.858039846722464278e-02
4.581799999999999762e-01 -3.753088986710128444e-02
4.975499999999999923e-01 -3.619186866123001028e-02
5.369199999999999529e-01 -3.458370839710732392e-02
5.759900000000000020e-01 -3.267697805666357896e-02
6.145800000000000152e-01 -3.040250851656149667e-02
6.525300000000000544e-01 -2.779144886659332125e-02
6.896700000000000053e-01 -2.484529978131966299e-02
7.258799999999999697e-01 -2.167594785942451863e-02
7.609799999999999898e-01 -1.840557741928165042e-02
7.947499999999999565e-01 -1.520649542813145086e-02
8.269199999999999884e-01 -1.225078877566950462e-02
8.571499999999999675e-01 -9.639753432261824462e-03
8.851299999999999724e-01 -7.413475203418624926e-03
9.105799999999999450e-01 -5.590390785822532682e-03
9.332200000000000495e-01 -4.156854180048029195e-03
9.528100000000000458e-01 -3.067227197670038819e-03
9.691699999999999759e-01 -2.194396494100880370e-03
9.822400000000000020e-01 -1.501056796513797805e-03
9.919299999999999784e-01 -1.069670879641146594e-03
9.979500000000000037e-01 -9.617005685502312117e-04
1.000000000000000000e+00 -1.000000000000000021e-03
