1.000000000000000000e+00 1.000000000000000021e-03
9.963999999999999524e-01 1.918062661983156551e-03
9.860499999999999821e-01 4.931232360478285913e-03
9.699900000000000189e-01 1.022016052466088315e-02
9.492199999999999527e-01 1.731560746429330888e-02
9.243099999999999650e-01 2.542244628419339583e-02
8.952900000000000302e-01 3.384955033708440808e-02
8.620700000000000029e-01 4.247295581990410962e-02
8.249800000000000466e-01 5.142700713822088293e-02
7.846600000000000241e-01 6.066275443299024711e-02
7.417099999999999804e-01 6.996793713205062826e-02
6.967600000000000460e-01 7.906870338003495202e-02
6.504100000000000437e-01 8.762082978987410786e-02
6.032300000000000439e-01 9.518057660746988280e-02
5.554799999999999738e-01 1.012050351897498257e-01
5.071400000000000352e-01 1.055722189667608474e-01
4.585299999999999931e-01 1.085308960036887732e-01
4.101899999999999991e-01 1.101803287498903799e-01
3.626800000000000024e-01 1.105501085706564052e-01
3.165399999999999880e-01 1.096400319048995986e-01
2.722899999999999765e-01 1.074600082278284324e-01
2.304100000000000037e-01 1.039700018302563284e-01
1.913300000000000001e-01 9.914000034359564395e-02
1.554099999999999926e-01 9.296000005288233836e-02
1.229500000000000037e-01 8.544000000642032466e-02
9.417000000000000370e-02 7.658000000058239054e-02
6.915000000000000313e-02 6.648000000003614907e-02
4.794000000000000344e-02 5.534000000000133951e-02
3.055000000000000077e-02 4.344000000000002026e-02
1.701000000000000081e-02 3.121000000000000163e-02
7.360000000000000223e-03 1.909999999999999892e-02
1.680000000000000070e-03 7.709999999999999840e-03
1.600000000000000131e-04 -2.119999999999999923e-03
4.349999999999999700e-03 -9.809999999999999276e-03
1.501000000000000077e-02 -1.632000000000000117e-02
3.126999999999999919e-02 -2.244000000000002937e-02
5.276999999999999746e-02 -2.800000000000317513e-02
7.922999999999999488e-02 -3.294000000012302365e-02
1.103599999999999998e-01 -3.726000000242831595e-02
1.457499999999999907e-01 -4.101000002968090141e-02
1.848799999999999888e-01 -4.418000025235353095e-02
2.272200000000000053e-01 -4.670000161442917908e-02
2.722200000000000175e-01 -4.849000820881119167e-02
3.192900000000000182e-01 -4.943003448798745370e-02
3.678400000000000003e-01 -4.938012329077579032e-02
4.172600000000000198e-01 -4.803038340765843073e-02
4.672700000000000187e-01 -4.488106196717073920e-02
5.181099999999999595e-01 -3.983269028178923477e-02
5.697900000000000187e-01 -3.340633043285397979e-02
6.219099999999999628e-01 -2.624391707157991416e-02
6.738600000000000145e-01 -1.889865016309944662e-02
7.249700000000000033e-01 -1.187531976397993710e-02
7.744600000000000373e-01 -5.630228429789545241e-03
8.214399999999999480e-01 -5.802874424761606063e-04
8.649700000000000166e-01 2.968974967791060925e-03
9.040599999999999747e-01 4.856563405336234568e-03
9.376799999999999580e-01 5.109608064986549854e-03
9.648900000000000254e-01 3.905063028667641895e-03
9.846200000000000507e-01 1.750203055257562069e-03
9.962400000000000144e-01 -2.366645134698003522e-04
1.000000000000000000e+00 -1.000000000000000021e-03
