1.000000000000000000e+00 1.000000000000000021e-03
9.502199999999999536e-01 8.521564199619184599e-03
9.004299999999999526e-01 1.788908958439000552e-02
8.505700000000000482e-01 2.778301857814743231e-02
8.006499999999999728e-01 3.752520239095883531e-02
7.506599999999999939e-01 4.668568145453934337e-02
7.006099999999999550e-01 5.491067120000624191e-02
6.505100000000000326e-01 6.171085863067338195e-02
6.003600000000000048e-01 6.660013224634835083e-02
5.501899999999999569e-01 6.931461970488889124e-02
5.000000000000000000e-01 7.068195312500000216e-02
4.498099999999999876e-01 7.095075381010755577e-02
3.996199999999999752e-01 7.018025991116701168e-02
3.494300000000000184e-01 6.833007766792345561e-02
2.992500000000000160e-01 6.539001924453544112e-02
2.490799999999999959e-01 6.132000369019837555e-02
1.989400000000000057e-01 5.596000048808900257e-02
1.488299999999999901e-01 4.905000003582732360e-02
9.878000000000000669e-02 4.011000000089540857e-02
7.378999999999999448e-02 3.459000000006486053e-02
4.882999999999999841e-02 2.809000000000157898e-02
2.394999999999999907e-02 1.991000000000000408e-02
1.156000000000000083e-02 1.461999999999999932e-02
6.660000000000000121e-03 1.153999999999999991e-02
4.239999999999999845e-03 9.530000000000000276e-03
0.000000000000000000e+00 0.000000000000000000e+00
5.760000000000000363e-03 -8.529999999999999388e-03
8.340000000000000191e-03 -1.013999999999999971e-02
1.344000000000000056e-02 -1.247999999999999977e-02
2.605000000000000024e-02 -1.619000000000000647e-02
5.117000000000000021e-02 -2.177000000000240548e-02
7.620999999999999996e-02 -2.611000000008672009e-02
1.012200000000000044e-01 -2.977000000111531403e-02
1.511699999999999988e-01 -3.559000004122783029e-02
2.010599999999999887e-01 -4.004000053694661138e-02
2.509199999999999764e-01 -4.342000394291586213e-02
3.007500000000000173e-01 -4.595002013032210147e-02
3.505699999999999927e-01 -4.773007997840479633e-02
4.003800000000000137e-01 -4.876026439386716566e-02
4.501899999999999791e-01 -4.905075956089002126e-02
5.000000000000000000e-01 -4.862195312499999894e-02
5.498100000000000209e-01 -4.741459106785023137e-02
5.996399999999999508e-01 -4.518002340686586016e-02
6.494900000000000118e-01 -4.111056611305440728e-02
6.993899999999999562e-01 -3.547003822037014809e-02
7.493400000000000061e-01 -2.878449210451242829e-02
7.993500000000000050e-01 -2.160323944459228637e-02
8.494300000000000184e-01 -1.432022281362648787e-02
8.995699999999999807e-01 -7.545757761086051979e-03
9.497799999999999576e-01 -2.198937053396300169e-03
1.000000000000000000e+00 -1.000000000000000021e-03
