1.000000000000000000e+00 1.000000000000000021e-03
9.988899999999999446e-01 1.040054240910060239e-03
9.956700000000000550e-01 1.171698185150539745e-03
9.904399999999999871e-01 1.397177819337436970e-03
9.829999999999999849e-01 1.717001654756864296e-03
9.734399999999999720e-01 2.134842825012226580e-03
9.618900000000000228e-01 2.694901910622914294e-03
9.484399999999999498e-01 3.430995934076925234e-03
9.330000000000000515e-01 4.385716217428405582e-03
9.157800000000000384e-01 5.533023145745493560e-03
8.966699999999999671e-01 6.834708683728202630e-03
8.758899999999999464e-01 8.253421333322087314e-03
8.535599999999999854e-01 9.860495244255217118e-03
8.296700000000000186e-01 1.173627238732998825e-02
8.043299999999999894e-01 1.384089916077447559e-02
7.777800000000000269e-01 1.611416239156633623e-02
7.500000000000000000e-01 1.850508468627929531e-02
7.211100000000000287e-01 2.098272464492659251e-02
6.913300000000000001e-01 2.353607186774603691e-02
6.606699999999999795e-01 2.612398066816653056e-02
6.294399999999999995e-01 2.868550918741765571e-02
5.975599999999999801e-01 3.110971479559739017e-02
5.652199999999999447e-01 3.331588786286838327e-02
5.326699999999999768e-01 3.524345242411829754e-02
5.000000000000000000e-01 3.683195312500000401e-02
4.673300000000000232e-01 3.807106319506232267e-02
4.347799999999999998e-01 3.904055517004343528e-02
4.024400000000000199e-01 3.984027689190737520e-02
3.705600000000000005e-01 4.041013174278480780e-02
3.393300000000000205e-01 4.056005964860811414e-02
3.086699999999999999e-01 4.027002543605746887e-02
2.788900000000000268e-01 3.976001020696159211e-02
2.500000000000000000e-01 3.905000381469726778e-02
2.222200000000000009e-01 3.810000132144256146e-02
1.956700000000000106e-01 3.704000042045372393e-02
1.703300000000000092e-01 3.589000012067583567e-02
1.464399999999999868e-01 3.423000003096973026e-02
1.241099999999999981e-01 3.214000000698652437e-02
1.033300000000000052e-01 2.980000000134288077e-02
8.422000000000000319e-02 2.732000000021317723e-02
6.700000000000000400e-02 2.471000000002720673e-02
5.156000000000000166e-02 2.195000000000257509e-02
3.810999999999999804e-02 1.904000000000017137e-02
2.656000000000000028e-02 1.596000000000000543e-02
1.700000000000000122e-02 1.273999999999999959e-02
9.560000000000000789e-03 9.459999999999999659e-03
4.329999999999999648e-03 6.130000000000000032e-03
1.110000000000000092e-03 2.650000000000000012e-03
0.000000000000000000e+00 0.000000000000000000e+00
1.110000000000000092e-03 -2.650000000000000012e-03
4.329999999999999648e-03 -6.130000000000000032e-03
9.560000000000000789e-03 -9.459999999999999659e-03
1.700000000000000122e-02 -1.273999999999999959e-02
2.656000000000000028e-02 -1.596000000000000543e-02
3.810999999999999804e-02 -1.904000000000017137e-02
5.156000000000000166e-02 -2.195000000000257509e-02
6.700000000000000400e-02 -2.471000000002720673e-02
8.422000000000000319e-02 -2.732000000021317723e-02
1.033300000000000052e-01 -2.980000000134288077e-02
1.241099999999999981e-01 -3.214000000698652437e-02
1.464399999999999868e-01 -3.423000003096973026e-02
1.703300000000000092e-01 -3.589000012067583567e-02
1.956700000000000106e-01 -3.704000042045372393e-02
2.222200000000000009e-01 -3.810000132144256146e-02
2.500000000000000000e-01 -3.905000381469726778e-02
2.788900000000000268e-01 -3.976001020696159211e-02
3.086699999999999999e-01 -4.027002543605746887e-02
3.393300000000000205e-01 -4.056005964860811414e-02
3.705600000000000005e-01 -4.041013174278480780e-02
4.024400000000000199e-01 -3.984027689190737520e-02
4.347799999999999998e-01 -3.904055517004343528e-02
4.673300000000000232e-01 -3.807106319506232267e-02
5.000000000000000000e-01 -3.683195312500000401e-02
5.326699999999999768e-01 -3.524345242411829754e-02
5.652199999999999447e-01 -3.331588786286838327e-02
5.975599999999999801e-01 -3.110971479559739017e-02
6.294399999999999995e-01 -2.868550918741765571e-02
6.606699999999999795e-01 -2.612398066816653056e-02
6.913300000000000001e-01 -2.353607186774603691e-02
7.211100000000000287e-01 -2.098272464492659251e-02
7.500000000000000000e-01 -1.850508468627929531e-02
7.777800000000000269e-01 -1.611416239156633623e-02
8.043299999999999894e-01 -1.384089916077447559e-02
8.296700000000000186e-01 -1.173627238732998825e-02
8.535599999999999854e-01 -9.860495244255217118e-03
8.758899999999999464e-01 -8.253421333322087314e-03
8.966699999999999671e-01 -6.834708683728202630e-03
9.157800000000000384e-01 -5.533023145745493560e-03
9.330000000000000515e-01 -4.385716217428405582e-03
9.484399999999999498e-01 -3.430995934076925234e-03
9.618900000000000228e-01 -2.694901910622914294e-03
9.734399999999999720e-01 -2.134842825012226580e-03
9.829999999999999849e-01 -1.717001654756864296e-03
9.904399999999999871e-01 -1.397177819337436970e-03
9.956700000000000550e-01 -1.171698185150539745e-03
9.988899999999999446e-01 -1.040054240910060239e-03
1.000000000000000000e+00 -1.000000000000000021e-03
