1.000000000000000000e+00 2.000000000000000042e-03
9.951900000000000190e-01 2.631999999999999791e-03
9.873920000000000474e-01 3.657999999999999793e-03
9.788999999999999924e-01 4.776999999999999996e-03
9.697599999999999554e-01 5.986000000000000001e-03
9.600440000000000085e-01 7.274000000000000084e-03
9.498520000000000296e-01 8.628000000000000252e-03
9.392840000000000078e-01 1.003700000000000078e-02
9.284299999999999775e-01 1.148799999999999995e-02
9.173679999999999612e-01 1.296899999999999963e-02
9.061620000000000230e-01 1.447400000000000075e-02
8.948519999999999808e-01 1.599700000000000080e-02
8.834720000000000351e-01 1.753100000000000144e-02
8.720459999999999878e-01 1.907599999999999921e-02
8.605869999999999909e-01 2.062699999999999950e-02
8.491030000000000522e-01 2.218399999999999886e-02
8.376019999999999577e-01 2.374599999999999975e-02
8.260889999999999622e-01 2.531200000000000117e-02
8.145639999999999548e-01 2.688099999999999865e-02
8.030329999999999968e-01 2.845299999999999913e-02
7.914989999999999526e-01 3.002700000000000161e-02
7.799610000000000154e-01 3.160199999999999815e-02
7.684220000000000494e-01 3.317900000000000016e-02
7.568850000000000300e-01 3.475500000000000117e-02
7.453560000000000185e-01 3.633100000000000218e-02
7.338360000000000438e-01 3.790799999999999725e-02
7.223199999999999621e-01 3.948100000000000220e-02
7.107999999999999874e-01 4.105600000000000221e-02
6.992739999999999512e-01 4.263100000000000223e-02
6.877469999999999972e-01 4.420600000000000224e-02
6.762190000000000145e-01 4.578000000000000125e-02
6.646859999999999991e-01 4.735299999999999926e-02
6.531529999999999836e-01 4.892400000000000221e-02
6.416209999999999969e-01 5.049399999999999722e-02
6.300900000000000389e-01 5.206000000000000211e-02
6.185629999999999740e-01 5.362499999999999906e-02
6.070400000000000240e-01 5.518699999999999994e-02
5.955200000000000493e-01 5.674499999999999683e-02
5.840060000000000251e-01 5.829999999999999766e-02
5.724989999999999801e-01 5.985000000000000042e-02
5.609990000000000254e-01 6.139599999999999919e-02
5.495090000000000252e-01 6.293700000000000683e-02
5.380369999999999875e-01 6.447300000000000253e-02
5.265859999999999985e-01 6.600100000000000411e-02
5.151639999999999553e-01 6.751899999999999569e-02
5.037810000000000343e-01 6.902999999999999414e-02
4.924720000000000208e-01 7.053700000000000248e-02
4.812440000000000051e-01 7.204900000000000193e-02
4.701110000000000011e-01 7.354099999999999526e-02
4.590549999999999908e-01 7.497299999999999798e-02
4.479859999999999953e-01 7.634499999999999620e-02
4.368639999999999746e-01 7.769500000000000017e-02
4.257319999999999993e-01 7.905099999999999627e-02
4.146190000000000153e-01 8.042399999999999549e-02
4.035520000000000218e-01 8.180999999999999384e-02
3.925560000000000160e-01 8.321199999999999430e-02
3.816559999999999953e-01 8.462500000000000577e-02
3.708870000000000222e-01 8.603099999999999636e-02
3.603069999999999884e-01 8.737899999999999834e-02
3.499110000000000276e-01 8.863500000000000545e-02
3.396689999999999987e-01 8.979800000000000282e-02
3.295839999999999881e-01 9.087099999999999345e-02
3.196749999999999869e-01 9.184199999999999309e-02
3.099230000000000040e-01 9.268300000000000149e-02
3.002619999999999734e-01 9.337600000000000067e-02
2.906150000000000122e-01 9.392599999999999560e-02
2.809200000000000030e-01 9.433600000000000319e-02
2.711060000000000136e-01 9.462399999999999978e-02
2.611479999999999912e-01 9.482899999999999663e-02
2.511090000000000266e-01 9.499499999999999611e-02
2.411230000000000040e-01 9.512099999999999722e-02
2.312629999999999963e-01 9.517299999999999371e-02
2.215399999999999869e-01 9.513199999999999434e-02
2.119630000000000125e-01 9.500400000000000511e-02
2.025760000000000061e-01 9.480299999999999838e-02
1.934490000000000098e-01 9.452800000000000091e-02
1.846150000000000013e-01 9.415199999999999958e-02
1.760680000000000023e-01 9.365600000000000314e-02
1.677869999999999917e-01 9.302199999999999358e-02
1.597399999999999931e-01 9.223499999999999754e-02
1.518889999999999962e-01 9.127799999999999803e-02
1.441830000000000056e-01 9.014999999999999403e-02
1.365969999999999962e-01 8.886499999999999955e-02
1.291319999999999968e-01 8.744300000000000683e-02
1.218049999999999966e-01 8.590499999999999525e-02
1.146520000000000039e-01 8.427900000000000669e-02
1.077309999999999934e-01 8.258200000000000263e-02
1.010690000000000061e-01 8.080099999999999782e-02
9.466800000000000215e-02 7.894700000000000328e-02
8.854800000000000171e-02 7.703100000000000225e-02
8.271799999999999986e-02 7.505199999999999372e-02
7.717400000000000648e-02 7.300900000000000445e-02
7.190900000000000070e-02 7.090599999999999681e-02
6.691500000000000226e-02 6.874500000000000055e-02
6.218300000000000216e-02 6.653299999999999492e-02
5.770299999999999735e-02 6.428000000000000380e-02
5.346999999999999670e-02 6.199600000000000249e-02
4.947599999999999915e-02 5.968799999999999800e-02
4.571000000000000063e-02 5.736999999999999739e-02
4.216199999999999809e-02 5.505600000000000077e-02
3.882200000000000234e-02 5.276299999999999740e-02
3.567900000000000238e-02 5.050999999999999934e-02
3.272499999999999715e-02 4.831400000000000278e-02
2.996000000000000052e-02 4.617999999999999883e-02
2.738000000000000156e-02 4.410499999999999837e-02
2.497900000000000120e-02 4.208599999999999841e-02
2.275200000000000139e-02 4.011499999999999788e-02
2.069500000000000159e-02 3.818099999999999966e-02
1.879799999999999874e-02 3.627400000000000069e-02
1.704999999999999918e-02 3.439099999999999796e-02
1.543199999999999954e-02 3.253600000000000242e-02
1.393199999999999994e-02 3.071400000000000172e-02
1.253699999999999953e-02 2.892899999999999985e-02
1.123500000000000019e-02 2.718399999999999983e-02
1.001400000000000033e-02 2.548200000000000118e-02
8.862000000000000086e-03 2.382599999999999996e-02
7.772000000000000262e-03 2.222100000000000117e-02
6.736999999999999933e-03 2.067000000000000087e-02
5.759000000000000230e-03 1.917200000000000154e-02
4.849000000000000012e-03 1.771999999999999964e-02
4.016999999999999738e-03 1.630500000000000005e-02
3.268000000000000071e-03 1.491999999999999924e-02
2.608000000000000075e-03 1.355800000000000061e-02
2.036000000000000049e-03 1.221399999999999916e-02
1.554000000000000043e-03 1.088199999999999931e-02
1.157999999999999958e-03 9.561999999999999320e-03
8.429999999999999993e-04 8.255999999999999450e-03
6.080000000000000335e-04 6.962000000000000306e-03
4.510000000000000120e-04 5.677999999999999887e-03
3.690000000000000246e-04 4.403999999999999929e-03
3.629999999999999872e-04 3.135999999999999899e-03
4.330000000000000081e-04 1.873000000000000099e-03
5.820000000000000520e-04 6.130000000000000466e-04
8.099999999999999561e-04 -6.400000000000000524e-04
1.123000000000000083e-03 -1.876000000000000063e-03
1.523999999999999964e-03 -3.088000000000000033e-03
2.020000000000000094e-03 -4.266999999999999960e-03
2.618999999999999800e-03 -5.401000000000000419e-03
3.331000000000000193e-03 -6.479000000000000384e-03
4.167999999999999830e-03 -7.484000000000000201e-03
5.139999999999999604e-03 -8.404999999999999277e-03
6.245999999999999816e-03 -9.251000000000000542e-03
7.483000000000000068e-03 -1.003000000000000072e-02
8.843999999999999431e-03 -1.075500000000000067e-02
1.032100000000000031e-02 -1.143899999999999952e-02
1.189899999999999985e-02 -1.209900000000000038e-02
1.355199999999999981e-02 -1.275699999999999924e-02
1.526699999999999932e-02 -1.341999999999999964e-02
1.704900000000000165e-02 -1.407800000000000024e-02
1.890700000000000019e-02 -1.471800000000000018e-02
2.085599999999999954e-02 -1.532599999999999935e-02
2.291800000000000087e-02 -1.588699999999999835e-02
2.512100000000000097e-02 -1.639699999999999838e-02
2.748400000000000148e-02 -1.686700000000000005e-02
3.002600000000000061e-02 -1.731800000000000006e-02
3.275900000000000339e-02 -1.777799999999999866e-02
3.568799999999999750e-02 -1.826799999999999952e-02
3.882499999999999840e-02 -1.878200000000000008e-02
4.218600000000000128e-02 -1.930799999999999877e-02
4.580399999999999749e-02 -1.983599999999999947e-02
4.971600000000000324e-02 -2.036400000000000016e-02
5.395500000000000296e-02 -2.089299999999999838e-02
5.854700000000000182e-02 -2.141900000000000054e-02
6.352299999999999613e-02 -2.192900000000000058e-02
6.891899999999999415e-02 -2.241200000000000137e-02
7.477899999999999825e-02 -2.285799999999999985e-02
8.114499999999999491e-02 -2.326200000000000143e-02
8.805699999999999639e-02 -2.361999999999999864e-02
9.554899999999999505e-02 -2.393800000000000094e-02
1.036330000000000029e-01 -2.422300000000000147e-02
1.122869999999999979e-01 -2.448300000000000129e-02
1.214660000000000045e-01 -2.471200000000000133e-02
1.311130000000000073e-01 -2.491200000000000012e-02
1.411650000000000127e-01 -2.508000000000000160e-02
1.515620000000000023e-01 -2.521899999999999836e-02
1.622369999999999923e-01 -2.533399999999999888e-02
1.731300000000000061e-01 -2.542900000000000021e-02
1.841929999999999956e-01 -2.550699999999999842e-02
1.953729999999999911e-01 -2.557500000000000051e-02
2.066209999999999991e-01 -2.563599999999999907e-02
2.178849999999999953e-01 -2.568799999999999903e-02
2.291320000000000023e-01 -2.571999999999999981e-02
2.403589999999999893e-01 -2.572500000000000134e-02
2.515760000000000218e-01 -2.569300000000000056e-02
2.628210000000000268e-01 -2.561799999999999841e-02
2.741299999999999848e-01 -2.550900000000000042e-02
2.855130000000000168e-01 -2.537899999999999878e-02
2.969649999999999790e-01 -2.523800000000000002e-02
3.084649999999999892e-01 -2.509700000000000125e-02
3.199930000000000274e-01 -2.495700000000000002e-02
3.315270000000000161e-01 -2.481799999999999978e-02
3.430500000000000216e-01 -2.467400000000000149e-02
3.545519999999999783e-01 -2.452400000000000066e-02
3.660269999999999913e-01 -2.436400000000000024e-02
3.774750000000000050e-01 -2.419100000000000070e-02
3.888940000000000174e-01 -2.400300000000000003e-02
4.002939999999999832e-01 -2.379399999999999918e-02
4.116850000000000231e-01 -2.356400000000000161e-02
4.230780000000000096e-01 -2.331300000000000039e-02
4.344830000000000081e-01 -2.304300000000000098e-02
4.459000000000000186e-01 -2.275500000000000092e-02
4.573360000000000203e-01 -2.245000000000000120e-02
4.687910000000000132e-01 -2.213100000000000137e-02
4.802629999999999955e-01 -2.179800000000000140e-02
4.917549999999999977e-01 -2.145299999999999985e-02
5.032600000000000406e-01 -2.109899999999999970e-02
5.147789999999999866e-01 -2.073600000000000096e-02
5.263039999999999941e-01 -2.036500000000000116e-02
5.378349999999999520e-01 -1.998499999999999929e-02
5.493679999999999675e-01 -1.959800000000000084e-02
5.609039999999999582e-01 -1.920200000000000032e-02
5.724390000000000311e-01 -1.879799999999999874e-02
5.839760000000000506e-01 -1.838599999999999957e-02
5.955169999999999630e-01 -1.796499999999999833e-02
6.070560000000000400e-01 -1.753700000000000050e-02
6.186000000000000387e-01 -1.710000000000000062e-02
6.301459999999999839e-01 -1.665499999999999967e-02
6.416969999999999619e-01 -1.620299999999999865e-02
6.532510000000000261e-01 -1.574199999999999905e-02
6.648110000000000408e-01 -1.527599999999999965e-02
6.763710000000000555e-01 -1.480300000000000019e-02
6.879359999999999919e-01 -1.432199999999999966e-02
6.995059999999999611e-01 -1.383500000000000008e-02
7.110830000000000206e-01 -1.334300000000000069e-02
7.226599999999999691e-01 -1.284500000000000051e-02
7.342419999999999503e-01 -1.234099999999999954e-02
7.458270000000000177e-01 -1.183299999999999977e-02
7.574170000000000069e-01 -1.131899999999999920e-02
7.690099999999999714e-01 -1.080099999999999984e-02
7.806070000000000508e-01 -1.027899999999999994e-02
7.922059999999999658e-01 -9.752000000000000252e-03
8.038070000000000492e-01 -9.221999999999999295e-03
8.154080000000000217e-01 -8.689000000000000543e-03
8.270079999999999654e-01 -8.153000000000000524e-03
8.386029999999999873e-01 -7.614000000000000108e-03
8.501880000000000548e-01 -7.074000000000000427e-03
8.617569999999999952e-01 -6.531999999999999612e-03
8.732990000000000475e-01 -5.989999999999999665e-03
8.847990000000000022e-01 -5.447999999999999718e-03
8.962329999999999464e-01 -4.908000000000000036e-03
9.075689999999999591e-01 -4.372000000000000018e-03
9.187600000000000211e-01 -3.841999999999999929e-03
9.297429999999999861e-01 -3.321000000000000167e-03
9.404369999999999674e-01 -2.814999999999999794e-03
9.507459999999999800e-01 -2.325999999999999943e-03
9.605669999999999487e-01 -1.861000000000000024e-03
9.697999999999999954e-01 -1.423999999999999919e-03
9.783709999999999907e-01 -1.018999999999999941e-03
9.862330000000000263e-01 -6.480000000000000300e-04
9.910799999999999610e-01 -4.200000000000000174e-04
