1.000000000000000000e+00 1.000000000000000021e-03
9.966500000000000359e-01 1.490250867804465479e-03
9.868999999999999995e-01 3.118092782867000652e-03
9.714000000000000412e-01 6.060163428665987610e-03
9.507799999999999585e-01 1.012492194575367356e-02
9.254499999999999948e-01 1.493793956760354306e-02
8.955999999999999517e-01 2.022070356633932572e-02
8.614500000000000490e-01 2.597125864978313062e-02
8.234799999999999898e-01 3.216413156476037594e-02
7.822099999999999609e-01 3.871962516856991554e-02
7.381999999999999673e-01 4.549509780839926243e-02
6.920300000000000340e-01 5.231640192047871257e-02
6.442999999999999838e-01 5.898913344543178783e-02
5.956200000000000383e-01 6.525943459909451516e-02
5.464999999999999858e-01 7.083434821987276420e-02
4.974100000000000188e-01 7.546186393433854112e-02
4.487400000000000277e-01 7.893073782446648201e-02
4.008499999999999841e-01 8.112026720033076177e-02
3.541099999999999803e-01 8.199008754749455286e-02
3.089100000000000179e-01 8.150002561460760464e-02
2.655899999999999928e-01 7.972000657514705102e-02
2.245600000000000096e-01 7.671000145208352328e-02
1.862099999999999866e-01 7.252000026917021502e-02
1.508500000000000119e-01 6.718000004044900886e-02
1.187600000000000044e-01 6.079000000469927945e-02
9.017000000000000015e-02 5.351000000039406179e-02
6.529000000000000081e-02 4.547000000002155568e-02
4.427999999999999992e-02 3.688000000000065531e-02
2.724999999999999992e-02 2.796000000000000568e-02
1.427999999999999929e-02 1.900999999999999912e-02
5.349999999999999721e-03 1.041000000000000085e-02
5.299999999999999807e-04 2.820000000000000024e-03
7.200000000000000453e-04 -2.729999999999999788e-03
6.819999999999999674e-03 -6.779999999999999569e-03
1.867999999999999869e-02 -1.030000000000000013e-02
3.592999999999999666e-02 -1.310000000000010115e-02
5.838000000000000134e-02 -1.510000000000787795e-02
8.590000000000000413e-02 -1.630000000025464552e-02
1.182399999999999979e-01 -1.676000000451731073e-02
1.551099999999999979e-01 -1.654000005197065262e-02
1.961499999999999910e-01 -1.576000042982810684e-02
2.409399999999999875e-01 -1.454000273640360628e-02
2.889800000000000146e-01 -1.301001405432786195e-02
3.397000000000000020e-01 -1.129006023652666911e-02
3.924799999999999955e-01 -9.500220982446710982e-03
4.466700000000000115e-01 -7.730707751929012835e-03
5.016000000000000458e-01 -6.052010100401887353e-03
5.565900000000000292e-01 -4.495126472047204606e-03
6.109599999999999476e-01 -3.131860827735845777e-03
6.640399999999999636e-01 -1.975104303001713659e-03
7.151600000000000179e-01 -1.048936053396800749e-03
7.637000000000000455e-01 -3.483700529921500834e-04
8.090600000000000014e-01 1.214657624371776729e-04
8.506799999999999917e-01 3.767100652757706183e-04
8.880299999999999860e-01 4.265616896951427914e-04
9.206199999999999939e-01 3.649671435456945949e-04
9.481199999999999628e-01 2.608872177304083669e-04
9.702399999999999913e-01 4.807437928820289686e-05
9.865500000000000380e-01 -3.252621748296966086e-04
9.966099999999999959e-01 -7.799004596939333473e-04
1.000010000000000066e+00 -1.000000000000000021e-03
