1.000000000000000000e+00 1.000000000000000021e-03
9.501899999999999791e-01 7.791384766644917845e-03
9.003799999999999581e-01 1.655889517568789882e-02
8.505399999999999627e-01 2.646294462051823962e-02
8.006400000000000183e-01 3.696518719379742607e-02
7.506800000000000139e-01 4.767569960405273338e-02
7.006499999999999950e-01 5.818069210318516787e-02
6.505699999999999816e-01 6.814087595218586146e-02
6.004300000000000193e-01 7.730014288378772580e-02
5.502399999999999514e-01 8.540462348471594689e-02
5.000000000000000000e-01 9.217195312499999738e-02
4.497200000000000086e-01 9.725075245376213484e-02
3.994199999999999973e-01 1.002302587427954944e-01
3.491199999999999859e-01 1.000900770499852932e-01
2.988100000000000200e-01 9.760001899136355741e-02
2.485300000000000009e-01 9.285000361750699038e-02
1.982800000000000118e-01 8.576000047370742341e-02
1.480799999999999894e-01 7.612000003423478878e-02
9.797000000000000153e-02 6.316000000083145383e-02
7.296999999999999320e-02 5.496000000005865638e-02
4.803999999999999937e-02 4.497000000000136305e-02
2.324999999999999983e-02 3.185999999999999943e-02
1.098999999999999977e-02 2.279000000000000123e-02
6.170000000000000137e-03 1.785000000000000128e-02
3.799999999999999992e-03 1.473000000000000004e-02
0.000000000000000000e+00 0.000000000000000000e+00
6.199999999999999782e-03 -1.372999999999999915e-02
8.829999999999999308e-03 -1.644999999999999934e-02
1.400999999999999988e-02 -2.065000000000000169e-02
2.674999999999999947e-02 -2.814000000000000529e-02
5.195999999999999924e-02 -3.865000000000275854e-02
7.703000000000000125e-02 -4.648000000009548660e-02
1.020299999999999957e-01 -5.282000000119825567e-02
1.519199999999999995e-01 -6.266000004310567917e-02
2.017200000000000104e-01 -6.984000055301974041e-02
2.514700000000000268e-01 -7.495000402138483897e-02
3.011900000000000133e-01 -7.816002039693614734e-02
3.508800000000000252e-01 -7.949008061716637819e-02
4.005799999999999916e-01 -7.881026558488815614e-02
4.502800000000000136e-01 -7.535076092861595076e-02
5.000000000000000000e-01 -7.011195312500000110e-02
5.497600000000000264e-01 -6.350458731159049075e-02
5.995700000000000474e-01 -5.588001288088614155e-02
6.494299999999999518e-01 -4.754054902026137036e-02
6.993500000000000272e-01 -3.874001761604019267e-02
7.493600000000000261e-01 -2.977451000027457953e-02
7.993599999999999595e-01 -2.104325444696934083e-02
8.494599999999999929e-01 -1.300029600263775779e-02
8.996199999999999752e-01 -6.215950775072412102e-03
9.498100000000000431e-01 -1.469115867922854684e-03
1.000000000000000000e+00 -1.000000000000000021e-03
