1.000005999999999950e+00 1.260000000000000052e-03
9.993220000000000436e-01 1.360000000000000098e-03
9.972699999999999898e-01 1.657999999999999969e-03
9.938559999999999617e-01 2.152999999999999966e-03
9.890900000000000247e-01 2.843000000000000041e-03
9.829860000000000264e-01 3.723000000000000181e-03
9.755599999999999827e-01 4.788999999999999854e-03
9.668339999999999712e-01 6.035000000000000434e-03
9.568309999999999871e-01 7.454999999999999821e-03
9.455810000000000048e-01 9.041999999999999690e-03
9.331139999999999990e-01 1.078699999999999971e-02
9.194639999999999480e-01 1.268299999999999983e-02
9.046710000000000029e-01 1.472099999999999971e-02
8.887749999999999817e-01 1.689099999999999976e-02
8.718190000000000106e-01 1.918399999999999966e-02
8.538520000000000554e-01 2.158900000000000055e-02
8.349210000000000242e-01 2.409599999999999936e-02
8.150800000000000267e-01 2.669499999999999998e-02
7.943829999999999503e-01 2.937299999999999980e-02
7.728859999999999619e-01 3.211900000000000172e-02
7.506479999999999819e-01 3.491999999999999965e-02
7.277299999999999880e-01 3.776299999999999796e-02
7.041939999999999866e-01 4.063400000000000345e-02
6.801040000000000418e-01 4.351800000000000113e-02
6.555250000000000243e-01 4.640099999999999780e-02
6.305250000000000021e-01 4.926599999999999729e-02
6.051699999999999857e-01 5.209500000000000242e-02
5.795299999999999896e-01 5.487000000000000210e-02
5.536739999999999995e-01 5.757400000000000018e-02
5.276710000000000012e-01 6.018600000000000338e-02
5.015920000000000378e-01 6.268600000000000561e-02
4.755079999999999862e-01 6.505500000000000171e-02
4.494879999999999987e-01 6.727199999999999847e-02
4.236039999999999806e-01 6.931600000000000261e-02
3.979249999999999732e-01 7.116899999999999615e-02
3.725209999999999910e-01 7.280999999999999972e-02
3.474610000000000198e-01 7.422099999999999531e-02
3.228130000000000166e-01 7.538599999999999468e-02
2.986449999999999938e-01 7.628899999999999570e-02
2.750219999999999887e-01 7.691699999999999926e-02
2.520080000000000098e-01 7.725799999999999335e-02
2.296670000000000100e-01 7.730399999999999772e-02
2.080210000000000115e-01 7.704600000000000337e-02
1.868460000000000121e-01 7.642400000000000582e-02
1.662079999999999946e-01 7.531000000000000194e-02
1.462459999999999871e-01 7.360300000000000176e-02
1.271019999999999928e-01 7.123799999999999577e-02
1.089169999999999999e-01 6.818899999999999961e-02
9.182500000000000384e-02 6.446599999999999553e-02
7.595200000000000562e-02 6.011500000000000177e-02
6.140899999999999831e-02 5.521100000000000313e-02
4.828799999999999759e-02 4.985499999999999654e-02
3.666200000000000014e-02 4.416099999999999887e-02
2.658599999999999852e-02 3.825499999999999734e-02
1.808900000000000091e-02 3.226099999999999801e-02
1.118500000000000050e-02 2.629899999999999946e-02
5.871999999999999616e-03 2.047399999999999914e-02
2.131000000000000082e-03 1.487499999999999933e-02
-6.799999999999999946e-05 9.570999999999999647e-03
-7.619999999999999820e-04 4.605999999999999851e-03
0.000000000000000000e+00 0.000000000000000000e+00
2.132999999999999913e-03 -4.151000000000000176e-03
5.545999999999999715e-03 -7.772000000000000262e-03
1.018100000000000081e-02 -1.090400000000000050e-02
1.598000000000000115e-02 -1.359800000000000071e-02
2.288899999999999962e-02 -1.591599999999999959e-02
3.085500000000000048e-02 -1.792699999999999849e-02
3.983400000000000135e-02 -1.970299999999999829e-02
4.979200000000000292e-02 -2.131299999999999861e-02
6.070600000000000301e-02 -2.282500000000000154e-02
7.256600000000000550e-02 -2.429999999999999868e-02
8.537699999999999456e-02 -2.579000000000000042e-02
9.915799999999999614e-02 -2.733899999999999872e-02
1.139369999999999966e-01 -2.897699999999999929e-02
1.297530000000000072e-01 -3.071899999999999978e-02
1.466469999999999996e-01 -3.256300000000000167e-02
1.646610000000000018e-01 -3.448299999999999976e-02
1.838329999999999964e-01 -3.642999999999999711e-02
2.041939999999999866e-01 -3.831899999999999890e-02
2.256940000000000057e-01 -4.003400000000000014e-02
2.479919999999999902e-01 -4.149900000000000116e-02
2.709880000000000067e-01 -4.271099999999999897e-02
2.946179999999999910e-01 -4.367299999999999655e-02
3.188190000000000190e-01 -4.438899999999999790e-02
3.435219999999999940e-01 -4.486300000000000010e-02
3.686599999999999877e-01 -4.510399999999999826e-02
3.941629999999999856e-01 -4.512100000000000138e-02
4.199620000000000020e-01 -4.492199999999999666e-02
4.459830000000000183e-01 -4.451900000000000301e-02
4.721560000000000201e-01 -4.392299999999999677e-02
4.984080000000000177e-01 -4.314599999999999685e-02
5.246650000000000480e-01 -4.220200000000000340e-02
5.508549999999999836e-01 -4.110199999999999965e-02
5.769039999999999724e-01 -3.985899999999999860e-02
6.027409999999999712e-01 -3.848800000000000138e-02
6.282940000000000191e-01 -3.699999999999999817e-02
6.534919999999999618e-01 -3.540800000000000197e-02
6.782639999999999780e-01 -3.372700000000000004e-02
7.025430000000000286e-01 -3.196899999999999742e-02
7.262610000000000454e-01 -3.014599999999999919e-02
7.493520000000000181e-01 -2.827299999999999952e-02
7.717530000000000223e-01 -2.636300000000000102e-02
7.934020000000000516e-01 -2.442899999999999933e-02
8.142399999999999638e-01 -2.248400000000000051e-02
8.342089999999999783e-01 -2.054399999999999976e-02
8.532549999999999857e-01 -1.862099999999999866e-02
8.713260000000000449e-01 -1.673099999999999934e-02
8.883710000000000218e-01 -1.488800000000000019e-02
9.043459999999999832e-01 -1.310599999999999959e-02
9.192059999999999675e-01 -1.140000000000000041e-02
9.329119999999999635e-01 -9.783999999999999295e-03
9.454259999999999886e-01 -8.273000000000000839e-03
9.567139999999999533e-01 -6.879999999999999831e-03
9.667470000000000230e-01 -5.616999999999999597e-03
9.754960000000000298e-01 -4.495999999999999996e-03
9.829400000000000359e-01 -3.527999999999999886e-03
9.890569999999999640e-01 -2.723000000000000160e-03
9.938320000000000487e-01 -2.088000000000000012e-03
9.972520000000000273e-01 -1.629000000000000023e-03
9.993079999999999741e-01 -1.353000000000000036e-03
9.999940000000000495e-01 -1.260000000000000052e-03
