1.000000000000000000e+00 1.000000000000000021e-03
9.504799999999999915e-01 1.356312118511062911e-02
9.010299999999999976e-01 2.570142923620753403e-02
8.514699999999999491e-01 3.823524703528608654e-02
8.017800000000000482e-01 5.086692948322550645e-02
7.519099999999999673e-01 6.337682326251120601e-02
7.018699999999999939e-01 7.538133425534279675e-02
6.516399999999999970e-01 8.657118700724346361e-02
6.012499999999999512e-01 9.668026823511848000e-02
5.506900000000000128e-01 1.054146576270640068e-01
5.000000000000000000e-01 1.125119531249999943e-01
4.491899999999999782e-01 1.176707445103057081e-01
3.982899999999999774e-01 1.205602522287706341e-01
3.473399999999999821e-01 1.208600735856616981e-01
2.963999999999999968e-01 1.182200176564664612e-01
2.454900000000000138e-01 1.127300032382043543e-01
1.946900000000000019e-01 1.041800004018766795e-01
1.440400000000000014e-01 9.219000002668996385e-02
9.367000000000000326e-02 7.586000000055513615e-02
6.868000000000000493e-02 6.542000000003400650e-02
4.392999999999999683e-02 5.268000000000060828e-02
1.965000000000000080e-02 3.615999999999999770e-02
7.969999999999999654e-03 2.491000000000000159e-02
3.609999999999999928e-03 1.878000000000000155e-02
1.559999999999999972e-03 1.511000000000000017e-02
0.000000000000000000e+00 0.000000000000000000e+00
8.439999999999999586e-03 -1.210999999999999924e-02
1.139000000000000082e-02 -1.457999999999999921e-02
1.703000000000000000e-02 -1.848999999999999949e-02
3.034999999999999851e-02 -2.500000000000002220e-02
5.607000000000000178e-02 -3.372000000000547476e-02
8.132000000000000339e-02 -3.998000000015551614e-02
1.063299999999999940e-01 -4.484000000173740674e-02
1.559599999999999875e-01 -5.181000005459075047e-02
2.053099999999999925e-01 -5.642000064817298544e-02
2.545100000000000140e-01 -5.903000448067721034e-02
3.035999999999999810e-01 -5.990002191370975143e-02
3.526599999999999735e-01 -5.906008437345407897e-02
4.017100000000000115e-01 -5.630027240419230999e-02
4.508099999999999885e-01 -5.197076902749991206e-02
5.000000000000000000e-01 -4.633195312500000551e-02
5.493099999999999650e-01 -3.971455362798546190e-02
5.987500000000000044e-01 -3.241989030620937018e-02
6.483600000000000474e-01 -2.477024631186697246e-02
6.981300000000000283e-01 -1.705939369407724962e-02
7.480900000000000327e-01 -9.673381172148080506e-03
7.982200000000000406e-01 -3.101553814841504116e-03
8.485300000000000065e-01 2.151963265275401264e-03
8.989700000000000468e-01 5.326551723427006349e-03
9.495200000000000307e-01 5.402610781073321003e-03
1.000000000000000000e+00 -1.000000000000000021e-03
