1.000000000000000000e+00 1.000000000000000021e-03
9.509800000000000475e-01 1.993612498072807118e-02
9.016100000000000225e-01 3.541370277823552293e-02
8.023299999999999876e-01 6.365777717677779945e-02
7.024399999999999533e-01 8.828163735257819889e-02
6.020299999999999541e-01 1.090403887477128797e-01
5.011799999999999589e-01 1.253219950031516094e-01
4.000000000000000222e-01 1.360602621439999937e-01
2.969999999999999862e-01 1.387400179807599943e-01
2.455499999999999905e-01 1.359300032453343299e-01
1.942699999999999982e-01 1.295900003941410639e-01
1.433300000000000129e-01 1.188800000255290090e-01
9.299999999999999933e-02 1.021500000005204217e-01
6.819999999999999674e-02 9.052000000003192215e-02
4.379999999999999866e-02 7.552000000000060054e-02
2.011999999999999900e-02 5.448999999999999677e-02
8.550000000000000308e-03 3.892000000000000320e-02
0.000000000000000000e+00 0.000000000000000000e+00
1.615000000000000116e-02 -3.645999999999999935e-02
2.988000000000000031e-02 -4.965000000000002051e-02
5.619999999999999996e-02 -6.614000000000559709e-02
8.179999999999999771e-02 -7.692000000016398220e-02
1.069999999999999979e-01 -8.465000000183846296e-02
1.566700000000000037e-01 -9.450000005686860771e-02
2.057299999999999962e-01 -9.959000066020473607e-02
2.544500000000000095e-01 -1.015500044711794142e-01
3.029999999999999916e-01 -1.012400215270072151e-01
4.000000000000000222e-01 -9.606026214399999985e-02
4.988199999999999856e-01 -8.644191203008863567e-02
5.979700000000000015e-01 -7.347977495045537877e-02
6.975599999999999579e-01 -5.827910516485141496e-02
7.976699999999999902e-01 -4.143074025530109339e-02
8.983900000000000219e-01 -2.318122746588869090e-02
9.490199999999999747e-01 -1.354442212808702403e-02
1.000000000000000000e+00 -1.000000000000000021e-03
