1.000000000000000000e+00 1.000000000000000021e-03
9.000000000000000222e-01 6.887420489000000215e-03
8.000000000000000444e-01 1.163421772799999934e-02
6.999999999999999556e-01 1.654035360699999957e-02
5.999999999999999778e-01 2.051007769600000225e-02
5.000000000000000000e-01 2.350195312499999897e-02
4.000000000000000222e-01 2.500026214400000169e-02
2.999999999999999889e-01 2.500001968300000210e-02
2.000000000000000111e-01 2.150000051199999970e-02
1.000000000000000056e-01 1.600000000099999903e-02
7.499999999999999722e-02 1.400000000007508433e-02
5.000000000000000278e-02 1.150000000000195310e-02
2.500000000000000139e-02 8.500000000000004080e-03
1.250000000000000069e-02 6.000000000000000125e-03
0.000000000000000000e+00 0.000000000000000000e+00
1.250000000000000069e-02 -6.000000000000000125e-03
2.500000000000000139e-02 -8.500000000000004080e-03
5.000000000000000278e-02 -1.150000000000195310e-02
7.499999999999999722e-02 -1.400000000007508433e-02
1.000000000000000056e-01 -1.600000000099999903e-02
2.000000000000000111e-01 -2.150000051199999970e-02
2.999999999999999889e-01 -2.500001968300000210e-02
4.000000000000000222e-01 -2.500026214400000169e-02
5.000000000000000000e-01 -2.350195312499999897e-02
5.999999999999999778e-01 -2.051007769600000225e-02
6.999999999999999556e-01 -1.654035360699999957e-02
8.000000000000000444e-01 -1.163421772799999934e-02
9.000000000000000222e-01 -6.887420489000000215e-03
1.000000000000000000e+00 -1.000000000000000021e-03
