1.000000000000000000e+00 1.000000000000000021e-03
9.967099999999999849e-01 1.420776690965565910e-03
9.870999999999999774e-01 2.849713882726217021e-03
9.717400000000000482e-01 5.472592914217724175e-03
9.512599999999999945e-01 9.187812633670631654e-03
9.261700000000000488e-01 1.370143700990311166e-02
8.968300000000000161e-01 1.862531087382223935e-02
8.634300000000000308e-01 2.371671301441855700e-02
8.262300000000000200e-01 2.894943561167755489e-02
7.857199999999999740e-01 3.429413274741289347e-02
7.424300000000000344e-01 3.960853297932358241e-02
6.969100000000000295e-01 4.470877843396923318e-02
6.496800000000000352e-01 4.936062032364007396e-02
6.011499999999999622e-01 5.333025287500893497e-02
5.517100000000000337e-01 5.649473584742618210e-02
5.017599999999999838e-01 5.879201587839337495e-02
4.517200000000000104e-01 6.025078311199331960e-02
4.021199999999999775e-01 6.093027491666378609e-02
3.534999999999999809e-01 6.086008619950326881e-02
3.064000000000000057e-01 6.004002380119972254e-02
2.613199999999999967e-01 5.849000568268843819e-02
2.187800000000000022e-01 5.621000114833489547e-02
1.792499999999999927e-01 5.318000019104358878e-02
1.431900000000000117e-01 4.935000002530545715e-02
1.108699999999999963e-01 4.457000000253119598e-02
8.232000000000000428e-02 3.887000000017359902e-02
5.764999999999999986e-02 3.256000000000703470e-02
3.715000000000000246e-02 2.590000000000013472e-02
2.105999999999999886e-02 1.905000000000000096e-02
9.499999999999999764e-03 1.217999999999999985e-02
2.490000000000000026e-03 5.519999999999999733e-03
1.000000000000000082e-05 -2.799999999999999755e-04
3.069999999999999812e-03 -5.060000000000000261e-03
1.200000000000000025e-02 -9.429999999999999147e-03
2.603000000000000105e-02 -1.339000000000000606e-02
4.517999999999999794e-02 -1.667000000000078488e-02
6.941999999999999560e-02 -1.934000000003744182e-02
9.851999999999999647e-02 -2.152000000087441953e-02
1.320999999999999952e-01 -2.327000001224969680e-02
1.697200000000000097e-01 -2.461000011684152250e-02
2.109600000000000086e-01 -2.553000082756297362e-02
2.553099999999999814e-01 -2.600000460903950303e-02
3.022500000000000187e-01 -2.600002105216599538e-02
3.512700000000000267e-01 -2.546008142720849673e-02
4.018900000000000250e-01 -2.432027350470404234e-02
4.536299999999999777e-01 -2.260081342199771193e-02
5.059599999999999653e-01 -2.030217292959568542e-02
5.584599999999999564e-01 -1.736528358438364783e-02
6.108400000000000496e-01 -1.396183987769878190e-02
6.625999999999999668e-01 -1.051461857346444942e-02
7.130199999999999871e-01 -7.287633819504532769e-03
7.613900000000000112e-01 -4.475993280509680747e-03
8.070000000000000506e-01 -2.225164964589929160e-03
8.491400000000000059e-01 -6.295163850566633072e-04
8.871200000000000196e-01 3.297161528270633676e-04
9.203599999999999559e-01 7.261732024976112233e-04
9.483300000000000063e-01 6.496519728445262955e-04
9.705899999999999528e-01 2.555971244055879220e-04
9.868099999999999650e-01 -2.873641449051144055e-04
9.966899999999999649e-01 -7.906013884405556965e-04
1.000010000000000066e+00 -1.000000000000000021e-03
