1.000000000000000000e+00 1.000000000000000021e-03
9.502099999999999991e-01 8.281504383592071597e-03
9.004400000000000182e-01 1.799912847649516937e-02
8.506099999999999772e-01 2.908311722078674166e-02
8.007300000000000528e-01 4.095532402292940966e-02
7.507700000000000484e-01 5.317578132474976710e-02
7.007499999999999840e-01 6.525074440291797617e-02
6.506499999999999506e-01 7.681089906742470663e-02
6.005000000000000338e-01 8.750015353115289662e-02
5.502700000000000369e-01 9.702462575393147604e-02
5.000000000000000000e-01 1.050719531249999922e-01
4.496800000000000241e-01 1.112507518516385879e-01
3.993300000000000183e-01 1.150202582185531758e-01
3.489700000000000024e-01 1.151000767525549168e-01
2.986099999999999866e-01 1.124000188772673881e-01
2.482900000000000107e-01 1.070100035861880211e-01
1.979899999999999993e-01 9.889000046750827388e-02
1.477600000000000025e-01 8.778000003357468162e-02
9.765000000000000069e-02 7.282000000080732227e-02
7.263999999999999624e-02 6.334000000005630959e-02
4.771999999999999853e-02 5.182000000000128170e-02
2.297000000000000083e-02 3.665000000000000202e-02
1.074999999999999914e-02 2.617999999999999841e-02
5.960000000000000020e-03 2.049000000000000127e-02
3.619999999999999954e-03 1.689999999999999836e-02
0.000000000000000000e+00 0.000000000000000000e+00
6.380000000000000254e-03 -1.590000000000000094e-02
9.039999999999999425e-03 -1.908999999999999933e-02
1.425000000000000051e-02 -2.403999999999999887e-02
2.702999999999999847e-02 -3.293000000000000788e-02
5.228000000000000008e-02 -4.550000000000291311e-02
7.735999999999999821e-02 -5.486000000009923216e-02
1.023700000000000027e-01 -6.248000000123467984e-02
1.522399999999999864e-01 -7.432000004392977366e-02
2.020099999999999951e-01 -8.297000056021640313e-02
2.517099999999999893e-01 -8.911000405605865038e-02
3.013899999999999912e-01 -9.296002051915851216e-02
3.510300000000000087e-01 -9.450008092786936487e-02
4.006700000000000261e-01 -9.360026612240174293e-02
4.503199999999999981e-01 -8.935076153719652414e-02
5.000000000000000000e-01 -8.301195312499999590e-02
5.497300000000000519e-01 -7.512458505914614004e-02
5.995000000000000329e-01 -6.608000236473313138e-02
6.493499999999999828e-01 -5.621052624951401733e-02
6.992500000000000382e-01 -4.580996614644457926e-02
7.492299999999999516e-01 -3.527439374609678963e-02
7.992700000000000360e-01 -2.503311947961460449e-02
8.493899999999999784e-01 -1.562012526044003098e-02
8.995600000000000263e-01 -7.655719168586559709e-03
9.497900000000000231e-01 -1.958996653218108251e-03
1.000000000000000000e+00 -1.000000000000000021e-03
