1.000000000000000000e+00 7.000000000000000146e-03
9.499999999999999556e-01 1.855000000000000052e-02
9.000000000000000222e-01 3.009999999999999828e-02
8.000000000000000444e-01 4.920000000000000068e-02
6.999999999999999556e-01 6.629999999999999782e-02
5.999999999999999778e-01 8.039999999999999925e-02
5.000000000000000000e-01 9.049999999999999711e-02
4.000000000000000222e-01 9.560000000000000442e-02
2.999999999999999889e-01 9.220000000000000417e-02
2.500000000000000000e-01 8.824999999999999512e-02
2.000000000000000111e-01 8.179999999999999771e-02
1.499999999999999944e-01 7.084999999999999631e-02
1.000000000000000056e-01 5.840000000000000052e-02
7.499999999999999722e-02 4.968000000000000194e-02
5.000000000000000278e-02 3.894999999999999851e-02
2.500000000000000139e-02 2.522999999999999896e-02
1.250000000000000069e-02 1.610999999999999932e-02
0.000000000000000000e+00 0.000000000000000000e+00
1.250000000000000069e-02 -7.889999999999999444e-03
2.500000000000000139e-02 -8.770000000000000018e-03
5.000000000000000278e-02 -7.049999999999999843e-03
7.499999999999999722e-02 -5.329999999999999669e-03
1.000000000000000056e-01 -1.100000000000000066e-03
1.499999999999999944e-01 5.349999999999999721e-03
2.000000000000000111e-01 1.129999999999999928e-02
2.500000000000000000e-01 1.725000000000000144e-02
2.999999999999999889e-01 2.270000000000000143e-02
4.000000000000000222e-01 3.259999999999999704e-02
5.000000000000000000e-01 3.849999999999999950e-02
5.999999999999999778e-01 3.839999999999999664e-02
6.999999999999999556e-01 3.429999999999999716e-02
8.000000000000000444e-01 2.520000000000000018e-02
9.000000000000000222e-01 1.409999999999999969e-02
9.499999999999999556e-01 7.049999999999999843e-03
1.000000000000000000e+00 0.000000000000000000e+00
