1.000000000000000000e+00 1.000000000000000021e-03
9.504200000000000426e-01 1.308276157825384589e-02
9.008899999999999686e-01 2.437088220179246117e-02
8.512699999999999712e-01 3.578475019214025915e-02
8.015299999999999647e-01 4.706654570293977019e-02
7.516300000000000203e-01 5.807656617522015396e-02
7.015900000000000469e-01 6.851118608507991703e-02
6.513900000000000245e-01 7.811111396434143594e-02
6.010499999999999732e-01 8.666023753532677010e-02
5.505799999999999583e-01 9.393464926052694230e-02
5.000000000000000000e-01 9.974195312499999078e-02
4.493199999999999972e-01 1.038407464517695222e-01
3.985699999999999799e-01 1.059802538291291785e-01
3.477799999999999780e-01 1.058700744288704892e-01
2.969999999999999862e-01 1.033100179807599772e-01
2.462499999999999967e-01 9.830000332955468600e-02
1.955800000000000038e-01 9.066000041871641324e-02
1.450400000000000023e-01 8.010000002840469979e-02
9.472999999999999476e-02 6.578000000061431929e-02
6.973000000000000032e-02 5.667000000003897392e-02
4.492000000000000159e-02 4.560000000000074410e-02
2.050000000000000086e-02 3.128999999999999837e-02
8.659999999999999296e-03 2.159000000000000155e-02
4.179999999999999688e-03 1.634000000000000036e-02
2.050000000000000173e-03 1.316999999999999942e-02
0.000000000000000000e+00 0.000000000000000000e+00
7.950000000000000469e-03 -1.017000000000000022e-02
1.081999999999999976e-02 -1.213999999999999975e-02
1.634000000000000036e-02 -1.516999999999999946e-02
2.949999999999999845e-02 -2.013000000000001594e-02
5.507999999999999702e-02 -2.664000000000466689e-02
8.026999999999999413e-02 -3.123000000013835195e-02
1.052700000000000025e-01 -3.476000000158760428e-02
1.549599999999999866e-01 -3.972000005152007129e-02
2.044199999999999906e-01 -4.290000062331913305e-02
2.537499999999999756e-01 -4.460000436168661681e-02
3.029999999999999916e-01 -4.499002152700722762e-02
3.522199999999999775e-01 -4.407008343074365897e-02
4.014300000000000090e-01 -4.172027070010783656e-02
4.506800000000000250e-01 -3.814076703392164924e-02
5.000000000000000000e-01 -3.356195312500000194e-02
5.494200000000000195e-01 -2.823456184138845027e-02
5.989499999999999824e-01 -2.239992007882901995e-02
6.486100000000000199e-01 -1.631031668099154619e-02
6.984099999999999753e-01 -1.018953611958400667e-02
7.483699999999999797e-01 -4.373628732800963204e-03
7.984700000000000131e-01 6.980749000808322662e-04
8.487299999999999844e-01 4.601479071050406343e-03
8.991099999999999648e-01 6.656013945852935591e-03
9.495799999999999796e-01 5.882253889356230635e-03
1.000000000000000000e+00 -1.000000000000000021e-03
