1.000000000000000000e+00 1.000000000000000021e-03
9.989299999999999846e-01 1.230411113661371595e-03
9.957200000000000495e-01 1.842132918669421148e-03
9.903899999999999926e-01 2.896761189672078692e-03
9.829599999999999449e-01 4.386687849687183685e-03
9.734699999999999465e-01 6.325060541242665674e-03
9.619400000000000173e-01 8.685231752728025598e-03
9.484399999999999498e-01 1.146099593407692505e-02
9.330100000000000060e-01 1.465576789644951194e-02
9.157300000000000439e-01 1.822280058585168047e-02
8.966800000000000326e-01 2.218474629543147614e-02
8.759200000000000319e-01 2.641351487815618571e-02
8.535500000000000309e-01 3.094046988744645135e-02
8.296700000000000186e-01 3.570627238732999170e-02
8.043799999999999839e-01 4.069097800949385974e-02
7.777899999999999814e-01 4.577417444522852846e-02
7.500000000000000000e-01 5.091508468627930356e-02
7.211400000000000032e-01 5.594274438951939848e-02
6.913399999999999546e-01 6.085607656399232013e-02
6.607199999999999740e-01 6.551399700698626316e-02
6.294100000000000250e-01 6.995550253597769552e-02
5.975500000000000256e-01 7.402971333252576780e-02
5.652599999999999847e-01 7.781589161402854837e-02
5.326999999999999513e-01 8.118345417447880852e-02
5.000000000000000000e-01 8.425195312500000089e-02
4.672999999999999932e-01 8.679106258095888038e-02
4.347400000000000153e-01 8.893055471052900562e-02
4.024499999999999744e-01 9.041027695383647977e-02
3.705899999999999750e-01 9.138013183880723533e-02
3.392800000000000260e-01 9.160005956955215300e-02
3.086599999999999899e-01 9.130002542864194826e-02
2.788599999999999968e-01 9.019001019708425271e-02
2.500000000000000000e-01 8.859000381469726848e-02
2.222099999999999909e-01 8.615000132090747109e-02
1.956199999999999883e-01 8.327000041948776077e-02
1.703300000000000092e-01 7.958000012067582840e-02
1.464499999999999968e-01 7.555000003098877315e-02
1.240799999999999959e-01 7.077000000697133975e-02
1.033199999999999952e-01 6.585000000134172415e-02
8.426999999999999769e-02 6.021000000021431431e-02
6.698999999999999400e-02 5.457000000002717316e-02
5.156000000000000166e-02 4.808000000000257207e-02
3.805999999999999661e-02 4.174000000000016586e-02
2.653000000000000150e-02 3.493000000000000965e-02
1.703999999999999959e-02 2.801999999999999977e-02
9.610000000000000486e-03 2.095999999999999946e-02
4.279999999999999950e-03 1.349000000000000025e-02
1.069999999999999988e-03 6.749999999999999924e-03
0.000000000000000000e+00 0.000000000000000000e+00
1.069999999999999988e-03 -3.010000000000000089e-03
4.279999999999999950e-03 -6.409999999999999899e-03
9.610000000000000486e-03 -1.012000000000000052e-02
1.703999999999999959e-02 -1.404000000000000040e-02
2.653000000000000150e-02 -1.792000000000000537e-02
3.805999999999999661e-02 -2.132000000000016521e-02
5.156000000000000166e-02 -2.482000000000257264e-02
6.698999999999999400e-02 -2.761000000002716837e-02
8.426999999999999769e-02 -3.045000000021431952e-02
1.033199999999999952e-01 -3.262000000134171462e-02
1.240799999999999959e-01 -3.465000000697134042e-02
1.464499999999999968e-01 -3.598000003098877214e-02
1.703300000000000092e-01 -3.707000012067583616e-02
1.956199999999999883e-01 -3.746000041948775727e-02
2.222099999999999909e-01 -3.751000132090746841e-02
2.500000000000000000e-01 -3.683000381469726803e-02
2.788599999999999968e-01 -3.574001019708424737e-02
3.086599999999999899e-01 -3.392002542864194781e-02
3.392800000000000260e-01 -3.167005956955214890e-02
3.705899999999999750e-01 -2.877013183880723982e-02
4.024499999999999744e-01 -2.553027695383647960e-02
4.347400000000000153e-01 -2.188055471052900713e-02
4.672999999999999932e-01 -1.814106258095887422e-02
5.000000000000000000e-01 -1.421195312500000106e-02
5.326999999999999513e-01 -1.036345417447881272e-02
5.652599999999999847e-01 -6.535891614028548763e-03
5.975500000000000256e-01 -2.989713332525766650e-03
6.294100000000000250e-01 2.744974640223018223e-04
6.607199999999999740e-01 3.046002993013745795e-03
6.913399999999999546e-01 5.433923436007681573e-03
7.211400000000000032e-01 7.357255610480604481e-03
7.500000000000000000e-01 8.894915313720703695e-03
7.777899999999999814e-01 9.955825554771475031e-03
8.043799999999999839e-01 1.058902199050614466e-02
8.296700000000000186e-01 1.074372761267001174e-02
8.535500000000000309e-01 1.049953011255354805e-02
8.759200000000000319e-01 9.916485121843817210e-03
8.966800000000000326e-01 9.065253704568522128e-03
9.157300000000000439e-01 7.997199414148318045e-03
9.330100000000000060e-01 6.784232103550488779e-03
9.484399999999999498e-01 5.479004065923075151e-03
9.619400000000000173e-01 4.124768247271973741e-03
9.734699999999999465e-01 2.784939458757334368e-03
9.829599999999999449e-01 1.533312150312817097e-03
9.903899999999999926e-01 5.432388103279213324e-04
9.957200000000000495e-01 -2.821329186694210680e-04
9.989299999999999846e-01 -8.504111136613716829e-04
1.000000000000000000e+00 -1.000000000000000021e-03
