1.000000000000000000e+00 1.000000000000000021e-03
9.865000000000000435e-01 3.114858457604611618e-03
9.462199999999999500e-01 9.418035743888567013e-03
9.118300000000000294e-01 1.494573745339347268e-02
8.329100000000000392e-01 2.767292241362840841e-02
7.538700000000000401e-01 3.991864446266767813e-02
6.745299999999999629e-01 5.089890755953697249e-02
6.347099999999999964e-01 5.568671775925979062e-02
5.947400000000000464e-01 5.991930988543318209e-02
5.546799999999999509e-01 6.349497029953107829e-02
5.142799999999999594e-01 6.632251649873886767e-02
4.333099999999999730e-01 6.947053850334686254e-02
3.526900000000000035e-01 6.934008443807321287e-02
3.125000000000000000e-01 6.812002842170943040e-02
2.321999999999999897e-01 6.329000196227529962e-02
1.921499999999999875e-01 5.957000035707833013e-02
1.525199999999999889e-01 5.505000004466231028e-02
1.132599999999999996e-01 4.935000000306682261e-02
8.439000000000000667e-02 4.440000000021707832e-02
5.172999999999999821e-02 3.747000000000265396e-02
3.728999999999999676e-02 3.336000000000013954e-02
2.943000000000000130e-02 3.066000000000001710e-02
1.849999999999999908e-02 2.599999999999999881e-02
5.590000000000000351e-03 1.672999999999999834e-02
0.000000000000000000e+00 0.000000000000000000e+00
5.590000000000000351e-03 -1.000999999999999980e-02
1.849999999999999908e-02 -1.569999999999999868e-02
2.943000000000000130e-02 -1.910000000000001627e-02
3.728999999999999676e-02 -2.120000000000013887e-02
5.172999999999999821e-02 -2.430000000000265281e-02
8.439000000000000667e-02 -2.965000000021707910e-02
1.132599999999999996e-01 -3.270000000306682447e-02
1.525199999999999889e-01 -3.580000004466230706e-02
1.921499999999999875e-01 -3.795000035707832980e-02
2.321999999999999897e-01 -3.985000196227530406e-02
3.125000000000000000e-01 -4.045002842170943025e-02
3.526900000000000035e-01 -4.040008443807321242e-02
4.333099999999999730e-01 -3.880053850334685972e-02
5.142799999999999594e-01 -3.580251649873886222e-02
5.546799999999999509e-01 -3.395497029953107454e-02
5.947400000000000464e-01 -3.180930988543318599e-02
6.347099999999999964e-01 -2.921671775925979014e-02
6.745299999999999629e-01 -2.652890755953697319e-02
7.538700000000000401e-01 -2.057864446266768205e-02
8.329100000000000392e-01 -1.401292241362840987e-02
9.118300000000000294e-01 -7.385737453393471062e-03
9.462199999999999500e-01 -4.558035743888567276e-03
9.865000000000000435e-01 -1.714858457604611416e-03
1.000000000000000000e+00 -1.000000000000000021e-03
