1.000000000000000000e+00 1.000000000000000021e-03
9.502000000000000446e-01 9.543444572600773973e-03
9.004999999999999671e-01 1.797336190170188350e-02
8.507000000000000117e-01 2.658533930245065430e-02
8.007999999999999563e-01 3.521343053068142631e-02
7.504999999999999449e-01 4.369153639762259761e-02
7.008999999999999675e-01 5.162682296455065739e-02
6.508000000000000451e-01 5.902694246982609361e-02
6.006000000000000227e-01 6.563816875890886304e-02
5.503000000000000114e-01 7.127462802413694898e-02
5.000000000000000000e-01 7.574395312499999922e-02
4.495999999999999996e-01 7.880075064867621271e-02
3.991999999999999993e-01 8.018025746298110268e-02
3.487999999999999989e-01 8.032007641670128872e-02
2.999999999999999889e-01 7.876001968299999045e-02
2.500000000000000000e-01 7.600000381469726451e-02
2.000000000000000111e-01 7.166000051199999943e-02
1.749999999999999889e-01 6.880000015393679391e-02
1.499999999999999944e-01 6.540000003844335941e-02
1.250000000000000000e-01 6.138600000745058488e-02
1.000000000000000056e-01 5.649600000099999630e-02
7.499999999999999722e-02 5.048400000007508687e-02
5.000000000000000278e-02 4.272600000000194992e-02
3.749999999999999861e-02 3.776200000000014267e-02
2.500000000000000139e-02 3.150000000000000716e-02
1.250000000000000069e-02 2.272800000000000167e-02
5.000000000000000104e-03 1.457999999999999921e-02
2.000000000000000042e-03 9.473999999999999783e-03
0.000000000000000000e+00 0.000000000000000000e+00
2.000000000000000042e-03 -5.484000000000000159e-03
5.000000000000000104e-03 -8.753999999999999629e-03
1.250000000000000069e-02 -1.310799999999999986e-02
2.500000000000000139e-02 -1.728200000000000222e-02
3.749999999999999861e-02 -2.025000000000014636e-02
5.000000000000000278e-02 -2.268000000000195207e-02
7.499999999999999722e-02 -2.661000000007508748e-02
1.000000000000000056e-01 -2.972000000099999859e-02
1.250000000000000000e-01 -3.226000000745057883e-02
1.499999999999999944e-01 -3.436800003844336232e-02
1.749999999999999889e-01 -3.612000015393679320e-02
2.000000000000000111e-01 -3.744000051199999901e-02
2.500000000000000000e-01 -3.936000381469726556e-02
2.999999999999999889e-01 -3.990001968299999868e-02
3.487999999999999989e-01 -3.942007641670127599e-02
3.991999999999999993e-01 -3.790025746298110454e-02
4.495999999999999996e-01 -3.557475064867621911e-02
5.000000000000000000e-01 -3.258995312500000130e-02
5.503000000000000114e-01 -2.934262802413694846e-02
6.006000000000000227e-01 -2.598616875890885289e-02
6.508000000000000451e-01 -2.269094246982608989e-02
7.008999999999999675e-01 -1.946082296455065377e-02
7.504999999999999449e-01 -1.627753639762260021e-02
8.007999999999999563e-01 -1.312943053068142511e-02
8.507000000000000117e-01 -1.000933930245065211e-02
9.004999999999999671e-01 -6.925361901701882969e-03
9.502000000000000446e-01 -3.903444572600774359e-03
1.000000000000000000e+00 -1.000000000000000021e-03
