1.000000000000000000e+00 1.000000000000000021e-03
9.799999999999999822e-01 2.053747762130149652e-03
9.649999999999999689e-01 2.865681113112035494e-03
9.449999999999999512e-01 3.961016336033893782e-03
9.200000000000000400e-01 5.362161363286556924e-03
8.900000000000000133e-01 7.070356403707485707e-03
8.499999999999999778e-01 9.391616946283203038e-03
8.000000000000000444e-01 1.235421772799999950e-02
7.500000000000000000e-01 1.534508468627929743e-02
6.999999999999999556e-01 1.836035360699999827e-02
6.500000000000000222e-01 2.140071191283789143e-02
5.999999999999999778e-01 2.444007769600000171e-02
5.500000000000000444e-01 2.730460536658398454e-02
5.000000000000000000e-01 2.975195312499999759e-02
4.500000000000000111e-01 3.170075668064258056e-02
4.000000000000000222e-01 3.280026214400000306e-02
3.499999999999999778e-01 3.360007881563867316e-02
2.999999999999999889e-01 3.335001968299999842e-02
2.500000000000000000e-01 3.220000381469726586e-02
2.000000000000000111e-01 3.010000051199999971e-02
1.600000000000000033e-01 2.790000006871947921e-02
1.250000000000000000e-01 2.535000000745058282e-02
9.500000000000000111e-02 2.250000000063024849e-02
7.000000000000000666e-02 1.970000000004035190e-02
5.000000000000000278e-02 1.660000000000195347e-02
3.500000000000000333e-02 1.400000000000007835e-02
2.500000000000000139e-02 1.178000000000000401e-02
2.000000000000000042e-02 9.190000000000000252e-03
1.000000000000000021e-02 7.590000000000000392e-03
5.000000000000000104e-03 5.479999999999999628e-03
0.000000000000000000e+00 0.000000000000000000e+00
5.000000000000000104e-03 -4.799999999999999580e-03
1.000000000000000021e-02 -6.610000000000000424e-03
2.000000000000000042e-02 -8.009999999999999759e-03
2.500000000000000139e-02 -1.020000000000000420e-02
3.500000000000000333e-02 -1.185000000000007749e-02
5.000000000000000278e-02 -1.400000000000195359e-02
7.000000000000000666e-02 -1.610000000004035287e-02
9.500000000000000111e-02 -1.825000000063024819e-02
1.250000000000000000e-01 -2.080000000745058086e-02
1.600000000000000033e-01 -2.285000006871947681e-02
2.000000000000000111e-01 -2.455000051200000033e-02
2.500000000000000000e-01 -2.610000381469726807e-02
2.999999999999999889e-01 -2.690001968300000101e-02
3.499999999999999778e-01 -2.700007881563867146e-02
4.000000000000000222e-01 -2.650026214399999955e-02
4.500000000000000111e-01 -2.550075668064257645e-02
5.000000000000000000e-01 -2.400195312499999942e-02
5.500000000000000444e-01 -2.220460536658398418e-02
5.999999999999999778e-01 -1.985007769600000138e-02
6.500000000000000222e-01 -1.738071191283789216e-02
6.999999999999999556e-01 -1.492035360700000139e-02
7.500000000000000000e-01 -1.247508468627929641e-02
8.000000000000000444e-01 -1.005421772799999953e-02
8.499999999999999778e-01 -7.671616946283203731e-03
8.900000000000000133e-01 -5.810356403707485004e-03
9.200000000000000400e-01 -4.442161363286556246e-03
9.449999999999999512e-01 -3.331016336033893431e-03
9.649999999999999689e-01 -2.465681113112035746e-03
9.799999999999999822e-01 -1.823747762130149917e-03
1.000000000000000000e+00 -1.000000000000000021e-03
