1.000000000000000000e+00 1.000000000000000021e-03
9.504000000000000226e-01 1.121264174965442770e-02
9.008000000000000451e-01 2.214053089575929167e-02
8.510900000000000132e-01 3.343430383103508652e-02
8.012599999999999723e-01 4.460613229442575434e-02
7.513100000000000334e-01 5.539627329782634974e-02
7.012399999999999745e-01 6.546100153629098861e-02
6.510599999999999721e-01 7.464101789048475932e-02
6.007900000000000462e-01 8.261019774758270040e-02
5.504299999999999748e-01 8.910463787314240602e-02
5.000000000000000000e-01 9.371195312499999708e-02
4.495299999999999851e-01 9.617074959748793395e-02
3.990299999999999958e-01 9.639025647789085938e-02
3.485400000000000165e-01 9.455007590556926966e-02
2.980700000000000016e-01 9.093001857224516926e-02
2.476399999999999990e-01 8.550000350257271065e-02
1.972599999999999909e-01 7.809000045222155850e-02
1.469699999999999895e-01 6.842000003199323610e-02
9.682000000000000328e-02 5.578000000074763431e-02
7.184000000000000108e-02 4.794000000005096962e-02
4.696999999999999786e-02 3.863000000000110790e-02
2.230999999999999997e-02 2.680000000000000090e-02
1.016000000000000063e-02 1.899999999999999953e-02
5.420000000000000338e-03 1.480000000000000066e-02
3.129999999999999970e-03 1.208000000000000046e-02
0.000000000000000000e+00 0.000000000000000000e+00
6.870000000000000238e-03 -1.008000000000000042e-02
9.579999999999999974e-03 -1.200000000000000025e-02
1.484000000000000076e-02 -1.472000000000000045e-02
2.768999999999999934e-02 -1.936000000000000915e-02
5.303000000000000075e-02 -2.599000000000331601e-02
7.815999999999999337e-02 -3.098000000010885796e-02
1.031799999999999939e-01 -3.510000000132543901e-02
1.530299999999999994e-01 -4.150000004602451276e-02
2.027400000000000035e-01 -4.625000057870199549e-02
2.523599999999999732e-01 -4.970000415130525206e-02
3.019299999999999762e-01 -5.205002085241708376e-02
3.514599999999999946e-01 -5.335008182445894614e-02
4.009699999999999931e-01 -5.355026792110450379e-02
4.504699999999999815e-01 -5.237076382322883999e-02
5.000000000000000000e-01 -4.962195312499999983e-02
5.495700000000000029e-01 -4.530457306270475187e-02
5.992100000000000204e-01 -3.976995890232294661e-02
6.489399999999999613e-01 -3.344040990109108102e-02
6.987600000000000477e-01 -2.657971479502311760e-02
7.486899999999999666e-01 -1.959391256807061638e-02
7.987400000000000055e-01 -1.276232713373968465e-02
8.489100000000000534e-01 -6.508957484879131748e-03
8.991999999999999993e-01 -1.454332122222809368e-03
9.495999999999999996e-01 1.432134885354565106e-03
1.000000000000000000e+00 -1.000000000000000021e-03
