1.000000000000000000e+00 1.000000000000000021e-03
9.499999999999999556e-01 9.630249409724608856e-03
9.000000000000000222e-01 1.818742048899999950e-02
8.000000000000000444e-01 3.183421772799999855e-02
6.999999999999999556e-01 4.374035360700000152e-02
5.999999999999999778e-01 5.471007769599999654e-02
5.000000000000000000e-01 6.300195312499999589e-02
4.000000000000000222e-01 6.870026214399999054e-02
2.999999999999999889e-01 7.230001968299999693e-02
2.000000000000000111e-01 6.870000051199999513e-02
1.499999999999999944e-01 6.260000003844336247e-02
1.000000000000000056e-01 5.360000000100000050e-02
7.499999999999999722e-02 4.800000000007508677e-02
5.000000000000000278e-02 3.900000000000194977e-02
2.500000000000000139e-02 2.400000000000000397e-02
1.250000000000000069e-02 1.569999999999999868e-02
0.000000000000000000e+00 0.000000000000000000e+00
1.250000000000000069e-02 -8.699999999999999400e-03
2.500000000000000139e-02 -1.170000000000000380e-02
5.000000000000000278e-02 -1.570000000000195198e-02
7.499999999999999722e-02 -1.800000000007508441e-02
1.000000000000000056e-01 -1.930000000099999988e-02
1.499999999999999944e-01 -2.070000003844335926e-02
2.000000000000000111e-01 -2.100000051200000273e-02
2.999999999999999889e-01 -2.100001968300000202e-02
4.000000000000000222e-01 -2.000026214400000071e-02
5.000000000000000000e-01 -1.830195312499999921e-02
5.999999999999999778e-01 -1.601007769600000172e-02
6.999999999999999556e-01 -1.234035360700000070e-02
8.000000000000000444e-01 -8.434217727999999623e-03
9.000000000000000222e-01 -4.687420488999999649e-03
9.499999999999999556e-01 -3.130249409724609154e-03
1.000000000000000000e+00 -1.000000000000000021e-03
