1.000000000000000000e+00 1.000000000000000021e-03
9.501399999999999846e-01 6.791085812384302714e-03
9.002999999999999892e-01 1.406858430135486671e-02
8.504300000000000193e-01 2.236267362102517531e-02
8.005100000000000549e-01 3.118498976882743204e-02
7.505500000000000504e-01 4.021558170133834875e-02
7.005299999999999860e-01 4.910062942228027305e-02
6.504699999999999926e-01 5.753084709009696762e-02
6.003500000000000503e-01 6.525013072752396115e-02
5.501899999999999569e-01 7.203461970488889143e-02
5.000000000000000000e-01 7.768195312499999450e-02
4.497700000000000031e-01 8.194075320701929566e-02
3.995199999999999863e-01 8.457025932639636312e-02
3.492600000000000149e-01 8.530007732851087321e-02
2.989999999999999880e-01 8.392001910032226286e-02
2.487499999999999989e-01 8.049000364642937277e-02
1.985200000000000020e-01 7.487000047889290355e-02
1.483399999999999996e-01 6.682000003477960026e-02
9.822999999999999787e-02 5.569000000085153057e-02
7.323000000000000342e-02 4.847000000006056186e-02
4.828999999999999959e-02 3.960000000000143267e-02
2.348000000000000087e-02 2.792000000000000384e-02
1.119999999999999989e-02 1.980000000000000163e-02
6.369999999999999794e-03 1.528000000000000018e-02
3.989999999999999623e-03 1.250000000000000069e-02
0.000000000000000000e+00 0.000000000000000000e+00
6.009999999999999717e-03 -1.149999999999999981e-02
8.630000000000000518e-03 -1.387999999999999998e-02
1.379999999999999977e-02 -1.765999999999999862e-02
2.651999999999999844e-02 -2.420000000000000623e-02
5.170999999999999902e-02 -3.328000000000264080e-02
7.677000000000000490e-02 -3.999000000009262507e-02
1.017699999999999994e-01 -4.535000000117105773e-02
1.516599999999999893e-01 -5.336000004244625949e-02
2.014799999999999924e-01 -5.895000054712615928e-02
2.512499999999999734e-01 -6.259000398983223523e-02
3.009999999999999898e-01 -6.448002028142474362e-02
3.507399999999999962e-01 -6.470008032813404086e-02
4.004800000000000026e-01 -6.315026498878285877e-02
4.502300000000000191e-01 -6.004076016849819314e-02
5.000000000000000000e-01 -5.562195312500000516e-02
5.498100000000000209e-01 -5.013459106785023156e-02
5.996500000000000163e-01 -4.383002491137989037e-02
6.495300000000000518e-01 -3.693057751526978433e-02
6.994700000000000362e-01 -2.966007945732231435e-02
7.494499999999999496e-01 -2.231459057850477407e-02
7.994900000000000340e-01 -1.526344961455665047e-02
8.495700000000000474e-01 -8.900564539323717328e-03
8.997000000000000552e-01 -3.726259776010250411e-03
9.498600000000000376e-01 -4.694139925585831888e-04
1.000000000000000000e+00 -1.000000000000000021e-03
