1.000000000000000000e+00 1.000000000000000021e-03
9.503700000000000481e-01 1.093246204457586773e-02
9.007699999999999596e-01 2.171041385613193750e-02
8.510799999999999477e-01 3.317427905533128218e-02
8.012700000000000378e-01 4.490614758598922285e-02
7.513499999999999623e-01 5.661630985295740964e-02
7.013099999999999890e-01 6.788103838713288596e-02
6.511400000000000521e-01 7.843104114536324223e-02
6.008599999999999497e-01 8.800020844612292670e-02
5.504700000000000149e-01 9.635464090735157416e-02
5.000000000000000000e-01 1.032019531249999955e-01
4.494500000000000162e-01 1.082007483977322770e-01
3.988499999999999823e-01 1.109302554385071943e-01
3.482299999999999840e-01 1.103700753001160551e-01
2.976300000000000057e-01 1.073000183269560842e-01
2.470700000000000118e-01 1.017600034306794243e-01
1.965699999999999947e-01 9.366000043818260845e-02
1.461699999999999944e-01 8.277000003045960341e-02
9.594999999999999363e-02 6.823000000068929483e-02
7.094999999999999918e-02 5.908000000004556135e-02
4.608999999999999903e-02 4.800000000000093775e-02
2.152000000000000093e-02 3.357000000000000262e-02
9.499999999999999764e-03 2.369999999999999885e-02
4.859999999999999737e-03 1.839999999999999969e-02
2.629999999999999959e-03 1.507999999999999965e-02
0.000000000000000000e+00 0.000000000000000000e+00
7.369999999999999815e-03 -1.307999999999999961e-02
1.013999999999999971e-02 -1.559999999999999928e-02
1.549999999999999989e-02 -1.941999999999999976e-02
2.847999999999999837e-02 -2.613000000000001433e-02
5.390999999999999959e-02 -3.536000000000384669e-02
7.904999999999999527e-02 -4.212000000012053325e-02
1.040500000000000036e-01 -4.755000000142948352e-02
1.538299999999999945e-01 -5.585000004823578029e-02
2.034299999999999997e-01 -6.182000059667108749e-02
2.529299999999999882e-01 -6.596000423645986821e-02
3.023700000000000276e-01 -6.842002112750918130e-02
3.517700000000000271e-01 -6.917008247630364315e-02
4.011500000000000066e-01 -6.809026900550575745e-02
4.505500000000000060e-01 -6.440076504493850995e-02
5.000000000000000000e-01 -5.908195312500000296e-02
5.495299999999999629e-01 -5.255457006795730135e-02
5.991400000000000059e-01 -4.515994843658058255e-02
6.488599999999999923e-01 -3.723038726743539001e-02
6.986900000000000333e-01 -2.899967900262326662e-02
7.486500000000000377e-01 -2.081387703555543159e-02
7.987300000000000511e-01 -1.306231222420010593e-02
8.489200000000000079e-01 -6.248981759707574433e-03
9.496299999999999741e-01 1.711956341751933982e-03
1.000000000000000000e+00 -1.000000000000000021e-03
