1.000000000000000000e+00 1.000000000000000021e-03
9.501199999999999646e-01 6.290966265915175562e-03
9.002499999999999947e-01 1.262839011708833184e-02
8.503500000000000503e-01 1.970247670654117975e-02
8.004200000000000204e-01 2.711485324017291754e-02
7.504499999999999504e-01 3.458549111804630483e-02
7.004299999999999971e-01 4.186057725376832184e-02
6.503799999999999581e-01 4.872082114454924506e-02
6.002899999999999903e-01 5.492012161882667276e-02
5.501599999999999824e-01 6.030461743831132954e-02
5.000000000000000000e-01 6.473195312499999132e-02
4.498199999999999976e-01 6.799075396094667045e-02
3.996199999999999752e-01 6.991025991116700533e-02
3.494099999999999984e-01 7.030007762792395143e-02
2.992000000000000215e-01 6.901001921561562835e-02
2.489999999999999991e-01 6.606000367954503738e-02
1.988199999999999967e-01 6.137000048544566377e-02
1.486800000000000066e-01 5.470000003550364726e-02
9.858999999999999708e-02 4.554000000088002237e-02
7.358000000000000651e-02 3.963000000006321882e-02
4.862999999999999962e-02 3.238000000000151868e-02
2.377999999999999906e-02 2.284000000000000266e-02
1.145000000000000011e-02 1.621999999999999831e-02
6.570000000000000319e-03 1.260000000000000009e-02
4.170000000000000095e-03 1.031999999999999931e-02
0.000000000000000000e+00 0.000000000000000000e+00
5.380000000000000233e-03 -9.320000000000000159e-03
8.429999999999999993e-03 -1.119999999999999989e-02
1.354999999999999954e-02 -1.408000000000000050e-02
2.622000000000000025e-02 -1.912000000000000852e-02
5.136999999999999900e-02 -2.606000000000249089e-02
7.642000000000000182e-02 -3.115000000008889131e-02
1.014100000000000001e-01 -3.520000000113430311e-02
1.513200000000000101e-01 -4.124000004159747435e-02
2.011799999999999977e-01 -4.545000053983772742e-02
2.510000000000000009e-01 -4.816000395424426678e-02
3.008000000000000118e-01 -4.957002016046233028e-02
3.505900000000000127e-01 -4.970008001947904402e-02
4.003800000000000137e-01 -4.849026439386716625e-02
4.501800000000000246e-01 -4.609075940905544427e-02
5.000000000000000000e-01 -4.267195312500000198e-02
5.484799999999999676e-01 -3.840449207670151160e-02
5.997099999999999653e-01 -3.350003394268030732e-02
6.496199999999999752e-01 -2.812060319080197587e-02
6.995700000000000252e-01 -2.242013105659945715e-02
7.495500000000000496e-01 -1.668468020070981023e-02
7.995799999999999574e-01 -1.119358487938046549e-02
8.496500000000000163e-01 -6.240760013516823655e-03
8.997500000000000497e-01 -2.286453013248299516e-03
9.498799999999999466e-01 3.046672242980872670e-05
1.000000000000000000e+00 -1.000000000000000021e-03
