1.000000000000000000e+00 1.000000000000000021e-03
9.981780000000000097e-01 1.207721001939034578e-03
9.927789999999999671e-01 1.921856854422264275e-03
9.839560000000000528e-01 3.250532063574797324e-03
9.719029999999999614e-01 5.253760052100625577e-03
9.568449999999999456e-01 7.940317361319355199e-03
9.390119999999999578e-01 1.127259724769775692e-02
9.186320000000000041e-01 1.517488006524545657e-02
8.959209999999999674e-01 1.954190108677371709e-02
8.710820000000000229e-01 2.425075622553132804e-02
8.442969999999999642e-01 2.917100036214664502e-02
8.157320000000000126e-01 3.417592910046914068e-02
7.855469999999999953e-01 3.916690677854373082e-02
7.539320000000000466e-01 4.400670269293191494e-02
7.209959999999999702e-01 4.858864967537884771e-02
6.868400000000000061e-01 5.290901732943907587e-02
6.516809999999999548e-01 5.695419900769392585e-02
6.157519999999999660e-01 6.067972484439083936e-02
5.792549999999999644e-01 6.403334223229874278e-02
5.424029999999999685e-01 6.698906348579887482e-02
5.054199999999999804e-01 6.948415214639892812e-02
4.685019999999999740e-01 7.148108743433838341e-02
4.318699999999999761e-01 7.296052260953612978e-02
3.957209999999999894e-01 7.387223795886069255e-02
3.602350000000000274e-01 7.419910215818174837e-02
3.256269999999999998e-01 7.392204116078726628e-02
2.920599999999999863e-01 7.301601546139686871e-02
2.596959999999999824e-01 7.150700537263508794e-02
2.287170000000000036e-01 6.937000171271859306e-02
1.992510000000000114e-01 6.661400049499931197e-02
1.714529999999999943e-01 6.328900012802823882e-02
1.454449999999999910e-01 5.938800002912655862e-02
1.213120000000000032e-01 5.495900000569028249e-02
9.919200000000000239e-02 5.006400000092958713e-02
7.915500000000000314e-02 4.474200000012198281e-02
6.125400000000000289e-02 3.909800000001214387e-02
4.558799999999999658e-02 3.318600000000085370e-02
3.217199999999999921e-02 2.709200000000003966e-02
2.103800000000000114e-02 2.098500000000000018e-02
1.224100000000000014e-02 1.498799999999999959e-02
5.802999999999999999e-03 9.240999999999999215e-03
1.745000000000000023e-03 3.954000000000000049e-03
0.000000000000000000e+00 0.000000000000000000e+00
1.490999999999999921e-03 -3.648000000000000201e-03
6.610999999999999689e-03 -6.093000000000000325e-03
1.489299999999999999e-02 -8.363999999999999907e-03
2.614199999999999857e-02 -1.024400000000000484e-02
4.033899999999999986e-02 -1.163300000000028200e-02
5.750199999999999756e-02 -1.257200000000687282e-02
7.752399999999999569e-02 -1.309600000010114132e-02
1.003040000000000043e-01 -1.319700000102769569e-02
1.257300000000000084e-01 -1.292100000785145753e-02
1.536669999999999980e-01 -1.229900004777772886e-02
1.839550000000000074e-01 -1.137700024121503228e-02
2.164200000000000013e-01 -1.019400104154139300e-02
2.508699999999999819e-01 -8.800003935850269493e-03
2.870969999999999911e-01 -7.241013251281793253e-03
3.248789999999999734e-01 -5.575040317607932866e-03
3.639780000000000237e-01 -3.855112118223705513e-03
4.041409999999999725e-01 -2.144287604850135618e-03
4.450970000000000204e-01 -4.966856334603642065e-04
4.865700000000000025e-01 1.028471350365818809e-03
5.282850000000000046e-01 2.367795099753918463e-03
5.698870000000000324e-01 3.428659861407698777e-03
6.109970000000000123e-01 4.216132706026523742e-03
6.513210000000000388e-01 4.783906156043668534e-03
6.905869999999999509e-01 5.150275546965643082e-03
7.285249999999999782e-01 5.319190377135272346e-03
7.648730000000000251e-01 5.306400832297834130e-03
7.993759999999999755e-01 5.118721546104175457e-03
8.317919999999999758e-01 4.776395718500911665e-03
8.618919999999999915e-01 4.300532432173289482e-03
8.894640000000000324e-01 3.730538038460328928e-03
9.143350000000000088e-01 3.098369784459048190e-03
9.363479999999999581e-01 2.422731958517146313e-03
9.553430000000000533e-01 1.709121501737491692e-03
9.711640000000000272e-01 9.815189249859591555e-04
9.836599999999999788e-01 2.728057889429504534e-04
9.926979999999999693e-01 -3.541691426576504395e-04
9.981689999999999729e-01 -8.166411779723155989e-04
1.000000000000000000e+00 -1.000000000000000021e-03
