1.000000000000000000e+00 1.000000000000000021e-03
9.499999999999999556e-01 7.930249409724608733e-03
9.000000000000000222e-01 1.508742048899999917e-02
8.000000000000000444e-01 2.953421772799999859e-02
6.999999999999999556e-01 4.434035360699999789e-02
5.999999999999999778e-01 5.811007769599999678e-02
5.000000000000000000e-01 6.980195312499999638e-02
4.000000000000000222e-01 7.700026214399999236e-02
2.999999999999999889e-01 7.940001968299999213e-02
2.000000000000000111e-01 7.280000051200000155e-02
1.499999999999999944e-01 6.520000003844335368e-02
1.000000000000000056e-01 5.380000000099999929e-02
7.499999999999999722e-02 4.620000000007508378e-02
5.000000000000000278e-02 3.710000000000195086e-02
2.500000000000000139e-02 2.480000000000000260e-02
1.250000000000000069e-02 1.669999999999999957e-02
0.000000000000000000e+00 0.000000000000000000e+00
1.250000000000000069e-02 -1.269999999999999948e-02
2.500000000000000139e-02 -1.780000000000000332e-02
5.000000000000000278e-02 -2.420000000000195259e-02
7.499999999999999722e-02 -2.770000000007508470e-02
1.000000000000000056e-01 -3.080000000099999968e-02
1.499999999999999944e-01 -3.470000003844336128e-02
2.000000000000000111e-01 -3.700000051199999612e-02
2.999999999999999889e-01 -3.960001968300000397e-02
4.000000000000000222e-01 -4.070026214400000036e-02
5.000000000000000000e-01 -4.020195312500000201e-02
5.999999999999999778e-01 -3.841007769599999455e-02
6.999999999999999556e-01 -3.424035360700000002e-02
8.000000000000000444e-01 -2.763421772799999968e-02
9.000000000000000222e-01 -1.718742048899999861e-02
9.499999999999999556e-01 -1.033024940972460982e-02
1.000000000000000000e+00 -1.000000000000000021e-03
