1.000000000000000000e+00 1.000000000000000021e-03
9.978799999999999892e-01 1.461081000577013188e-03
9.918299999999999894e-01 2.998827708785679370e-03
9.823300000000000365e-01 5.621758874126724266e-03
9.697700000000000209e-01 9.208610247772039750e-03
9.544200000000000461e-01 1.348713679171989997e-02
9.363700000000000356e-01 1.821338504645135525e-02
9.155900000000000150e-01 2.330217793510866095e-02
8.922099999999999476e-01 2.880826450202431804e-02
8.664699999999999624e-01 3.473528451057576044e-02
8.386099999999999666e-01 4.100513526726563829e-02
8.088699999999999779e-01 4.753822059570052966e-02
7.775199999999999889e-01 5.425384943117125131e-02
7.448200000000000376e-01 6.101054430655426797e-02
7.110400000000000054e-01 6.763645647957584883e-02
6.763200000000000323e-01 7.396960534145199939e-02
6.408099999999999907e-01 7.993822063564204328e-02
6.047700000000000298e-01 8.542082211528809199e-02
5.683700000000000419e-01 9.032618985278698109e-02
5.318000000000000504e-01 9.461340200538689849e-02
4.952599999999999780e-01 9.815179266557984283e-02
4.589099999999999846e-01 1.008909027088342597e-01
4.229700000000000126e-01 1.027904332974042406e-01
3.875799999999999801e-01 1.037801973568593938e-01
3.528600000000000070e-01 1.038600848050799802e-01
3.190299999999999803e-01 1.029900342360549614e-01
2.861899999999999999e-01 1.011600128792357195e-01
2.544899999999999940e-01 9.843000447750929749e-02
2.240499999999999992e-01 9.479000142267117457e-02
1.949599999999999944e-01 9.028000040692056583e-02
1.673399999999999888e-01 8.506000010289585522e-02
1.413699999999999957e-01 7.921000002255357275e-02
1.171900000000000025e-01 7.283000000416883779e-02
9.496000000000000274e-02 6.598000000062785586e-02
7.481000000000000150e-02 5.875000000007338935e-02
5.686000000000000082e-02 5.123000000000620807e-02
4.123000000000000276e-02 4.347000000000034864e-02
2.798000000000000140e-02 3.559000000000001052e-02
1.725000000000000144e-02 2.770999999999999852e-02
9.129999999999999227e-03 1.986999999999999877e-02
3.619999999999999954e-03 1.212000000000000056e-02
7.200000000000000453e-04 4.490000000000000067e-03
2.700000000000000035e-04 -2.680000000000000090e-03
2.890000000000000208e-03 -8.840000000000000635e-03
9.060000000000000345e-03 -1.450000000000000074e-02
1.829000000000000070e-02 -2.023000000000000145e-02
3.026999999999999830e-02 -2.580000000000002083e-02
4.483000000000000179e-02 -3.103000000000073061e-02
6.201999999999999874e-02 -3.566000000001357667e-02
8.193000000000000282e-02 -3.971000000016634141e-02
1.044599999999999973e-01 -4.336000000148098471e-02
1.293900000000000050e-01 -4.657000001016498025e-02
1.565499999999999947e-01 -4.937000005647777801e-02
1.857399999999999884e-01 -5.172000026311703719e-02
2.167699999999999905e-01 -5.361000105679949307e-02
2.494300000000000128e-01 -5.503000373712978871e-02
2.834900000000000198e-01 -5.594001182604957378e-02
3.187300000000000133e-01 -5.632003394739741597e-02
3.548999999999999932e-01 -5.613008932108587423e-02
3.917700000000000071e-01 -5.528021741053731897e-02
4.291599999999999859e-01 -5.371049382506500047e-02
4.669099999999999917e-01 -5.132105462625619063e-02
5.047899999999999610e-01 -4.801212812280512138e-02
5.429800000000000182e-01 -4.368410255581795659e-02
5.816400000000000459e-01 -3.863761883190735408e-02
6.204899999999999860e-01 -3.324363367948910547e-02
6.592500000000000027e-01 -2.774352075435054799e-02
6.976200000000000179e-01 -2.234913544763116391e-02
7.352600000000000247e-01 -1.724280127473284616e-02
7.718099999999999961e-01 -1.259718374061398125e-02
8.068999999999999506e-01 -8.545003150799040589e-03
8.401600000000000179e-01 -5.178572961890292453e-03
8.711999999999999744e-01 -2.569108460256382120e-03
8.996300000000000407e-01 -7.159893881693331482e-04
9.251099999999999879e-01 4.037044518908097747e-04
9.472800000000000109e-01 8.658063628699100072e-04
9.658700000000000063e-01 8.084094391083773224e-04
9.806300000000000017e-01 3.814159887828015875e-04
9.913199999999999790e-01 -2.245381018129859229e-04
9.978200000000000403e-01 -7.605502189800662045e-04
1.000000000000000000e+00 -1.000000000000000021e-03
