1.000000000000000000e+00 1.000000000000000021e-03
9.983790000000000164e-01 1.562505238154449127e-03
9.935249999999999915e-01 3.187211739202180493e-03
9.854709999999999859e-01 5.710586215936075578e-03
9.742680000000000229e-01 8.897871535076930585e-03
9.599900000000000100e-01 1.251246907346751681e-02
9.427280000000000104e-01 1.638213585496598249e-02
9.225950000000000539e-01 2.050328371980971939e-02
8.997209999999999930e-01 2.518734092518656528e-02
8.742550000000000043e-01 3.102236173439887335e-02
8.463619999999999477e-01 3.811184628854075856e-02
8.162230000000000318e-01 4.626279756050245828e-02
7.840319999999999512e-01 5.566094484456304836e-02
7.500000000000000000e-01 6.630508468627929752e-02
7.143460000000000365e-01 7.754043703549746980e-02
6.773019999999999596e-01 8.848499447206557844e-02
6.391090000000000382e-01 9.842478993660025433e-02
6.000130000000000186e-01 1.069570796613210362e-01
5.602679999999999882e-01 1.138184395423704615e-01
5.201329999999999565e-01 1.189217863115638457e-01
4.798669999999999880e-01 1.223523492361367898e-01
4.397320000000000118e-01 1.242646147416516939e-01
3.999869999999999814e-01 1.248092620673328518e-01
3.608910000000000173e-01 1.241141038447307748e-01
3.226979999999999849e-01 1.222990379460403287e-01
2.856540000000000190e-01 1.194580126637634215e-01
2.500000000000000000e-01 1.156630038146972683e-01
2.159679999999999933e-01 1.109740010221265255e-01
1.837769999999999959e-01 1.054330002391224846e-01
1.536379999999999968e-01 9.908800004769663383e-02
1.257449999999999957e-01 9.200400000785989574e-02
1.002789999999999931e-01 8.420200000102538718e-02
7.740500000000000158e-02 7.574600000009974743e-02
5.727200000000000346e-02 6.667700000000663374e-02
4.000999999999999696e-02 5.714200000000026203e-02
2.573200000000000140e-02 4.699000000000000399e-02
1.452900000000000025e-02 3.631199999999999706e-02
6.474999999999999853e-03 2.619700000000000153e-02
1.621000000000000045e-03 1.706999999999999837e-02
0.000000000000000000e+00 0.000000000000000000e+00
1.621000000000000045e-03 -1.975999999999999892e-03
6.474999999999999853e-03 -4.930000000000000354e-03
1.452900000000000025e-02 -7.512999999999999713e-03
2.573200000000000140e-02 -1.001000000000000500e-02
4.000999999999999696e-02 -1.252500000000026162e-02
5.727200000000000346e-02 -1.498300000000662990e-02
7.740500000000000158e-02 -1.722600000009975527e-02
1.002789999999999931e-01 -1.931800000102538994e-02
1.257449999999999957e-01 -2.121400000785989004e-02
1.536379999999999968e-01 -2.287700004769664328e-02
1.837769999999999959e-01 -2.430400023912248839e-02
2.159679999999999933e-01 -2.546600102212652136e-02
2.500000000000000000e-01 -2.635700381469726489e-02
2.856540000000000190e-01 -2.697701266376342083e-02
3.226979999999999849e-01 -2.730203794604032369e-02
3.608910000000000173e-01 -2.733010384473077981e-02
3.999869999999999814e-01 -2.706526206733284728e-02
4.397320000000000118e-01 -2.650561474165170212e-02
4.798669999999999880e-01 -2.565334923613678611e-02
5.201329999999999565e-01 -2.449678631156385067e-02
5.602679999999999882e-01 -2.303343954237046728e-02
6.000130000000000186e-01 -2.128407966132104395e-02
6.391090000000000382e-01 -1.925678993660025207e-02
6.773019999999999596e-01 -1.689499447206557411e-02
7.143460000000000365e-01 -1.412943703549746771e-02
7.500000000000000000e-01 -1.101308468627929665e-02
7.840319999999999512e-01 -7.774944844563044279e-03
8.162230000000000318e-01 -4.806797560502461091e-03
8.463619999999999477e-01 -2.352846288540756409e-03
8.742550000000000043e-01 -5.133617343988705400e-04
8.997209999999999930e-01 6.826590748134337252e-04
9.225950000000000539e-01 1.276716280190278103e-03
9.427280000000000104e-01 1.368864145034016499e-03
9.599900000000000100e-01 1.099530926532483154e-03
9.742680000000000229e-01 5.871284649230687058e-04
9.854709999999999859e-01 7.413784063923980344e-06
9.935249999999999915e-01 -5.142117392021806812e-04
9.983790000000000164e-01 -8.725052381544490514e-04
1.000000000000000000e+00 -1.000000000000000021e-03
