1.000000000000000000e+00 1.000000000000000021e-03
9.502300000000000191e-01 8.681624020682482401e-03
9.004600000000000382e-01 1.873920627107238113e-02
8.506299999999999972e-01 2.990316655602428403e-02
8.007400000000000073e-01 4.146533923376263114e-02
7.507700000000000484e-01 5.297578132474976831e-02
7.007299999999999640e-01 6.402073393819401881e-02
6.506499999999999506e-01 7.427089906742470604e-02
6.004699999999999482e-01 8.339014896678047239e-02
5.502599999999999714e-01 9.103462499741632463e-02
5.000000000000000000e-01 9.671195312499999974e-02
4.497200000000000086e-01 9.996075245376212504e-02
3.994199999999999973e-01 1.007002587427954926e-01
3.491199999999999859e-01 9.916007704998529293e-02
2.988399999999999945e-01 9.566001900853074447e-02
2.485799999999999954e-01 9.023000362406229102e-02
1.983499999999999985e-01 8.270000047521466890e-02
1.481800000000000062e-01 7.276000003444342557e-02
9.808999999999999664e-02 5.971000000084066006e-02
7.310999999999999444e-02 5.153000000005967390e-02
4.818999999999999673e-02 4.178000000000139935e-02
2.340000000000000066e-02 2.932000000000000231e-02
1.110000000000000049e-02 2.116000000000000172e-02
6.250000000000000347e-03 1.672999999999999834e-02
3.880000000000000202e-03 1.382000000000000069e-02
0.000000000000000000e+00 0.000000000000000000e+00
6.119999999999999572e-03 -1.281999999999999980e-02
8.750000000000000833e-03 -1.532999999999999988e-02
1.389999999999999916e-02 -1.901999999999999871e-02
2.659999999999999865e-02 -2.560000000000000817e-02
5.181000000000000189e-02 -3.546000000000269076e-02
7.689000000000000001e-02 -4.305000000009393674e-02
1.019100000000000006e-01 -4.937000000118563214e-02
1.518200000000000105e-01 -5.930000004285099213e-02
2.016499999999999959e-01 -6.676000055129498179e-02
2.514199999999999768e-01 -7.233000401419438508e-02
3.011599999999999833e-01 -7.622002037865871493e-02
3.508800000000000252e-01 -7.856008061716637791e-02
4.005799999999999916e-01 -7.928026558488815434e-02
4.502800000000000136e-01 -7.806076092861595483e-02
5.000000000000000000e-01 -7.465195312499998959e-02
5.497400000000000064e-01 -6.913458580985165636e-02
5.995300000000000074e-01 -6.197000687045309264e-02
6.493700000000000028e-01 -5.367053194009711869e-02
6.992699999999999472e-01 -4.457997643565368012e-02
7.492299999999999516e-01 -3.507439374609679084e-02
7.992599999999999705e-01 -2.554310449074526437e-02
8.493699999999999584e-01 -1.644007649762706941e-02
8.995400000000000063e-01 -8.395641993883214138e-03
9.497700000000000031e-01 -2.358877458594375691e-03
1.000000000000000000e+00 -1.000000000000000021e-03
