1.000000000000000000e+00 1.000000000000000021e-03
9.960890000000000022e-01 1.607346657443469839e-03
9.850480000000000347e-01 4.030205660109724940e-03
9.681330000000000213e-01 8.349162754519785443e-03
9.460460000000000536e-01 1.393103018081812486e-02
9.188250000000000028e-01 2.055076171760532311e-02
8.870369999999999644e-01 2.838499741813901855e-02
8.514439999999999786e-01 3.727218239286403390e-02
8.127820000000000045e-01 4.688579848067249423e-02
7.717420000000000391e-01 5.677410670676760057e-02
7.289459999999999829e-01 6.637311098199608073e-02
6.847710000000000186e-01 7.485210611638450084e-02
6.389460000000000139e-01 8.200574914351395350e-02
5.919710000000000250e-01 8.793192696608392867e-02
5.443210000000000548e-01 9.248119465076178047e-02
4.964669999999999916e-01 9.529683237128522277e-02
4.483199999999999963e-01 9.634273163255614725e-02
4.003240000000000132e-01 9.594926406123321927e-02
3.530119999999999925e-01 9.425908513442717018e-02
3.069319999999999826e-01 9.136302417572593482e-02
2.625939999999999941e-01 8.732200593694722235e-02
2.204710000000000003e-01 8.221100123073131483e-02
1.810209999999999875e-01 7.610100020871835014e-02
1.446350000000000136e-01 6.908400002769878034e-02
1.117059999999999997e-01 6.126100000270825324e-02
8.252800000000000413e-02 5.275400000017758939e-02
5.742300000000000182e-02 4.371300000000678809e-02
3.659199999999999953e-02 3.430200000000011712e-02
2.031000000000000166e-02 2.470599999999999880e-02
8.599000000000000740e-03 1.514199999999999921e-02
1.760000000000000063e-03 6.074000000000000406e-03
6.509999999999999945e-04 3.396000000000000147e-03
1.379999999999999933e-04 1.358000000000000049e-03
2.300000000000000002e-05 -5.419999999999999471e-04
2.939999999999999905e-04 -1.935000000000000088e-03
4.429999999999999802e-04 -2.413000000000000214e-03
1.281999999999999936e-03 -4.385000000000000009e-03
5.329000000000000403e-03 -1.011800000000000026e-02
1.537600000000000078e-02 -1.867999999999999869e-02
3.021599999999999980e-02 -2.717300000000002005e-02
4.955899999999999889e-02 -3.520100000000180723e-02
7.337399999999999478e-02 -4.256300000006164180e-02
1.013740000000000058e-01 -4.905900000113067733e-02
1.334410000000000041e-01 -5.458100001341539831e-02
1.692190000000000083e-01 -5.903100011377376138e-02
2.084820000000000007e-01 -6.236100074407563421e-02
2.507969999999999922e-01 -6.454500392555471977e-02
2.958339999999999859e-01 -6.558501735532581978e-02
3.430869999999999753e-01 -6.550406586252276175e-02
3.921379999999999866e-01 -6.434021925543390030e-02
4.424199999999999799e-01 -6.214464940071547094e-02
4.934439999999999937e-01 -5.896673436640707117e-02
5.445940000000000225e-01 -5.483721362294405322e-02
5.954070000000000196e-01 -4.960540427728382662e-02
6.457950000000000079e-01 -4.348153674031915439e-02
6.951490000000000169e-01 -3.691190540324763153e-02
7.428559999999999608e-01 -3.013488770545017306e-02
7.882789999999999520e-01 -2.314952211881521685e-02
8.314279999999999449e-01 -1.627185490216637165e-02
8.716260000000000119e-01 -1.029338326780779647e-02
9.079519999999999813e-01 -5.642339725473478722e-03
9.394400000000000528e-01 -2.514929885663323879e-03
9.651499999999999524e-01 -8.616969461116332765e-04
9.842459999999999543e-01 -4.188279900721408422e-04
9.960219999999999629e-01 -7.057624250680407394e-04
1.000000000000000000e+00 -1.000000000000000021e-03
