1.000000000000000000e+00 1.000000000000000021e-03
9.957019999999999760e-01 1.666976394483159814e-03
9.845599999999999907e-01 3.400320033974880279e-03
9.695810000000000262e-01 5.740280663912431490e-03
9.513040000000000385e-01 8.587078197805166069e-03
9.313289999999999624e-01 1.166214262781363128e-02
9.107420000000000515e-01 1.477008040838030146e-02
8.899589999999999446e-01 1.782721117034471309e-02
8.690849999999999964e-01 2.081285267376562290e-02
8.481469999999999843e-01 2.372011204739749024e-02
8.271619999999999528e-01 2.655226550764467133e-02
8.061439999999999717e-01 2.930578501714300316e-02
7.851110000000000033e-01 3.198033904782809911e-02
7.640759999999999774e-01 3.456676239797328715e-02
7.430520000000000458e-01 3.706205146025558922e-02
7.220429999999999904e-01 3.945534178662889191e-02
7.010530000000000372e-01 4.173990323610223679e-02
6.800699999999999523e-01 4.390311591344273068e-02
6.590780000000000527e-01 4.594846558233253025e-02
6.380730000000000013e-01 4.786553207463992154e-02
6.170430000000000081e-01 4.966096698082693439e-02
5.959889999999999910e-01 5.133048733416083892e-02
5.749060000000000281e-01 5.287986074962600092e-02
5.538239999999999830e-01 5.430590169120196736e-02
5.327469999999999706e-01 5.560645691829628479e-02
5.117099999999999982e-01 5.677540555415051121e-02
4.907270000000000243e-01 5.779965028739792593e-02
4.698089999999999766e-01 5.866911504396018356e-02
4.489589999999999970e-01 5.936474107154530305e-02
4.281559999999999810e-01 5.987948352430549209e-02
4.073899999999999744e-01 6.019930909592494800e-02
3.866080000000000072e-01 6.032719294677722083e-02
3.658270000000000133e-01 6.026611734965045541e-02
3.450559999999999738e-01 6.001706934357881051e-02
3.243059999999999832e-01 5.957703968211879031e-02
3.035849999999999937e-01 5.894402190396743485e-02
2.829130000000000256e-01 5.811601161117406489e-02
2.623079999999999856e-01 5.708600587900494044e-02
2.417950000000000099e-01 5.584700282504808516e-02
2.214129999999999987e-01 5.439500127887485215e-02
2.012200000000000100e-01 5.271200054080450725e-02
1.812519999999999964e-01 5.077700021112772910e-02
1.615360000000000129e-01 4.856100007489001780e-02
1.420710000000000028e-01 4.604700002358027427e-02
1.229770000000000030e-01 4.323700000643301844e-02
1.044370000000000021e-01 4.013100000147805380e-02
8.674500000000000266e-02 3.675000000027809494e-02
7.028399999999999925e-02 3.312700000004184520e-02
5.547599999999999754e-02 2.935100000000497381e-02
4.278200000000000058e-02 2.560200000000047854e-02
3.244299999999999962e-02 2.207200000000003950e-02
2.432499999999999940e-02 1.889900000000000260e-02
1.804300000000000001e-02 1.609199999999999867e-02
1.315700000000000029e-02 1.360500000000000077e-02
9.331000000000000752e-03 1.136099999999999957e-02
6.314000000000000168e-03 9.299999999999999239e-03
3.951999999999999784e-03 7.370999999999999948e-03
2.168999999999999921e-03 5.525000000000000397e-03
9.240000000000000166e-04 3.746999999999999897e-03
2.020000000000000040e-04 2.031999999999999952e-03
3.999999999999999819e-06 4.020000000000000136e-04
3.150000000000000131e-04 -1.219999999999999947e-03
1.180000000000000059e-03 -2.896000000000000137e-03
2.615999999999999836e-03 -4.564999999999999614e-03
4.638999999999999894e-03 -6.224999999999999631e-03
7.263999999999999624e-03 -7.908000000000000099e-03
1.056999999999999953e-02 -9.660999999999999449e-03
1.472299999999999998e-02 -1.152199999999999926e-02
1.997600000000000070e-02 -1.354499999999999975e-02
2.667999999999999886e-02 -1.577200000000000824e-02
3.527399999999999980e-02 -1.820800000000008176e-02
4.612800000000000233e-02 -2.078900000000094561e-02
5.936099999999999710e-02 -2.336500000000915275e-02
7.477599999999999525e-02 -2.578300000007309120e-02
9.194700000000000095e-02 -2.795500000046971870e-02
1.104500000000000065e-01 -2.987000000244619674e-02
1.298650000000000082e-01 -3.156000001050579540e-02
1.498279999999999890e-01 -3.304600003804843839e-02
1.701429999999999887e-01 -3.435000011948868143e-02
1.906589999999999951e-01 -3.548800033290153144e-02
2.113339999999999941e-01 -3.646400084086129367e-02
2.321400000000000130e-01 -3.729300195771658583e-02
2.530549999999999744e-01 -3.798400425534038255e-02
2.740540000000000198e-01 -3.854900872017714281e-02
2.951190000000000202e-01 -3.899601698144081197e-02
3.162139999999999951e-01 -3.933203161038933970e-02
3.373360000000000247e-01 -3.955505656713957652e-02
3.584620000000000029e-01 -3.966909772104713905e-02
3.796039999999999970e-01 -3.967216367299165186e-02
4.007419999999999871e-01 -3.956826655310861224e-02
4.218970000000000220e-01 -3.935442350440813974e-02
4.430529999999999746e-01 -3.903865781100430282e-02
4.642299999999999760e-01 -3.861400137979079106e-02
4.854370000000000074e-01 -3.808949691064423410e-02
5.066760000000000153e-01 -3.746620076160080137e-02
5.279530000000000056e-01 -3.675118681870961218e-02
5.492580000000000240e-01 -3.594954974986359214e-02
5.706029999999999713e-01 -3.506641219108620755e-02
5.919510000000000050e-01 -3.411392425203754047e-02
6.133020000000000138e-01 -3.308827635471334877e-02
6.346349999999999492e-01 -3.199569998869483678e-02
6.559439999999999715e-01 -3.083148023644894861e-02
6.772139999999999826e-01 -2.959595941638936550e-02
6.984519999999999618e-01 -2.827755752284081756e-02
7.196630000000000527e-01 -2.687878006295212757e-02
7.408569999999999878e-01 -2.539023718119357356e-02
7.620519999999999516e-01 -2.381566853688838609e-02
7.832510000000000305e-01 -2.215594522679311187e-02
8.044529999999999736e-01 -2.041809319905911468e-02
8.256470000000000198e-01 -1.860329931103006651e-02
8.468219999999999636e-01 -1.671993871930544176e-02
8.679489999999999705e-01 -1.476654251241905219e-02
8.890120000000000244e-01 -1.274287149216168577e-02
9.099749999999999783e-01 -1.064782400493745167e-02
9.307279999999999998e-01 -8.495088964104766105e-03
9.508640000000000425e-01 -6.341426973894211637e-03
9.693040000000000544e-01 -4.337335757079343983e-03
9.844190000000000440e-01 -2.689200208478441639e-03
9.956620000000000470e-01 -1.468628643993345013e-03
1.000000000000000000e+00 -1.000000000000000021e-03
