1.000000000000000000e+00 1.000000000000000021e-03
9.967899999999999539e-01 2.251478182537608192e-03
9.879499999999999948e-01 5.906632940828369406e-03
9.745599999999999818e-01 1.115300739896370533e-02
9.565799999999999859e-01 1.705064342070143624e-02
9.338100000000000289e-01 2.348991660413225768e-02
9.065199999999999925e-01 3.050342478670715549e-02
8.750999999999999890e-01 3.798096719076254207e-02
8.399600000000000399e-01 4.577812653020544437e-02
8.015799999999999592e-01 5.371662238241605575e-02
7.604300000000000503e-01 6.160502236444011237e-02
7.170299999999999452e-01 6.919009979391950449e-02
6.718499999999999472e-01 7.621789015279288593e-02
6.253199999999999870e-01 8.242461910794703084e-02
5.778200000000000003e-01 8.760718014359038242e-02
5.297500000000000542e-01 9.167328578156339058e-02
4.815800000000000081e-01 9.453139320807037171e-02
4.337099999999999844e-01 9.608054299386363517e-02
3.865999999999999992e-01 9.628019291084673192e-02
3.406399999999999983e-01 9.512006175338905134e-02
2.962299999999999933e-01 9.258001756553359274e-02
2.537300000000000111e-01 8.871000435859358046e-02
2.134999999999999953e-01 8.361000092168159592e-02
1.758699999999999986e-01 7.741000016096294400e-02
1.411999999999999922e-01 7.023000002231065408e-02
1.097999999999999948e-01 6.225000000231964425e-02
8.196000000000000507e-02 5.361000000016688527e-02
5.791999999999999926e-02 4.451000000000733536e-02
3.789000000000000007e-02 3.515000000000016028e-02
2.205999999999999975e-02 2.574999999999999858e-02
1.050000000000000065e-02 1.649000000000000118e-02
3.129999999999999970e-03 7.760000000000000404e-03
1.000000000000000082e-05 3.800000000000000209e-04
0.000000000000000000e+00 0.000000000000000000e+00
2.459999999999999947e-03 -5.020000000000000157e-03
1.116999999999999937e-02 -9.190000000000000252e-03
2.553000000000000061e-02 -1.287000000000000470e-02
4.522000000000000325e-02 -1.594000000000079034e-02
7.000000000000000666e-02 -1.834000000004035180e-02
9.958999999999999797e-02 -2.006000000096369931e-02
1.336799999999999933e-01 -2.111000001363320597e-02
1.718899999999999872e-01 -2.152000013099523643e-02
2.137799999999999978e-01 -2.129000093261770171e-02
2.588799999999999990e-01 -2.044000522259681318e-02
3.066900000000000182e-01 -1.897002400471419978e-02
3.567000000000000171e-01 -1.685009348199757034e-02
4.083800000000000208e-01 -1.409031592222774985e-02
4.612399999999999833e-01 -1.061094480606220372e-02
5.149299999999999988e-01 -6.352545269377051287e-03
5.693099999999999827e-01 -1.526282598565742660e-03
6.239400000000000501e-01 3.225668704288676969e-03
6.780300000000000216e-01 7.439714120497143562e-03
7.307099999999999707e-01 1.078061107589888337e-02
7.811000000000000165e-01 1.300176698906639269e-02
8.282899999999999707e-01 1.396649759390536372e-02
8.713899999999999979e-01 1.361032357950493592e-02
9.095499999999999696e-01 1.199397095976275501e-02
9.418999999999999595e-01 9.236496894094035209e-03
9.674899999999999611e-01 5.737291552581290019e-03
9.856899999999999551e-01 2.331659000764875825e-03
9.964499999999999469e-01 -1.184999518753247555e-04
1.000000000000000000e+00 -1.000000000000000021e-03
