1.000000000000000000e+00 1.000000000000000021e-03
9.968099999999999739e-01 1.081653625818389426e-03
9.874199999999999644e-01 1.472313114010777649e-03
9.721899999999999986e-01 2.305818883681720090e-03
9.515299999999999869e-01 3.559443781312743912e-03
9.257199999999999873e-01 5.159248559091757225e-03
8.950700000000000323e-01 7.098733852072494459e-03
8.600400000000000267e-01 9.417435155808239616e-03
8.211399999999999810e-01 1.204972853981354369e-02
7.789300000000000113e-01 1.487555671754320526e-02
7.339799999999999658e-01 1.769182413305372265e-02
6.867199999999999971e-01 2.017396387732314778e-02
6.373799999999999466e-01 2.221736144571576782e-02
5.863699999999999468e-01 2.394819493823253931e-02
5.342599999999999572e-01 2.546354628747582449e-02
4.816799999999999971e-01 2.678139581392868784e-02
4.292599999999999749e-01 2.790049486164116951e-02
3.775899999999999812e-01 2.883015602146671991e-02
3.273099999999999898e-01 2.952004311550398413e-02
2.789900000000000158e-01 2.996001023994754667e-02
2.332200000000000106e-01 3.011000204123083154e-02
1.905300000000000049e-01 2.992000033087983957e-02
1.514699999999999935e-01 2.931000004197006209e-02
1.164700000000000041e-01 2.816000000394390870e-02
8.588999999999999413e-02 2.633000000025437909e-02
5.995999999999999941e-02 2.363000000001001799e-02
3.869000000000000217e-02 2.003000000000019348e-02
2.208999999999999853e-02 1.557000000000000224e-02
1.007000000000000083e-02 1.043999999999999963e-02
2.589999999999999854e-03 5.000000000000000104e-03
0.000000000000000000e+00 0.000000000000000000e+00
2.589999999999999854e-03 -5.000000000000000104e-03
1.007000000000000083e-02 -1.043999999999999963e-02
2.208999999999999853e-02 -1.557000000000000224e-02
3.869000000000000217e-02 -2.003000000000019348e-02
5.995999999999999941e-02 -2.363000000001001799e-02
8.588999999999999413e-02 -2.633000000025437909e-02
1.164700000000000041e-01 -2.816000000394390870e-02
1.514699999999999935e-01 -2.931000004197006209e-02
1.905300000000000049e-01 -2.992000033087983957e-02
2.332200000000000106e-01 -3.011000204123083154e-02
2.789900000000000158e-01 -2.996001023994754667e-02
3.273099999999999898e-01 -2.952004311550398413e-02
3.775899999999999812e-01 -2.883015602146671991e-02
4.292599999999999749e-01 -2.790049486164116951e-02
4.816799999999999971e-01 -2.678139581392868784e-02
5.342599999999999572e-01 -2.546354628747582449e-02
5.863699999999999468e-01 -2.394819493823253931e-02
6.373799999999999466e-01 -2.221736144571576782e-02
6.867199999999999971e-01 -2.017396387732314778e-02
7.339799999999999658e-01 -1.769182413305372265e-02
7.789300000000000113e-01 -1.487555671754320526e-02
8.211399999999999810e-01 -1.204972853981354369e-02
8.600400000000000267e-01 -9.417435155808239616e-03
8.950700000000000323e-01 -7.098733852072494459e-03
9.257199999999999873e-01 -5.159248559091757225e-03
9.515299999999999869e-01 -3.559443781312743912e-03
9.721899999999999986e-01 -2.305818883681720090e-03
9.874199999999999644e-01 -1.472313114010777649e-03
9.968099999999999739e-01 -1.081653625818389426e-03
1.000000000000000000e+00 -1.000000000000000021e-03
