1.000000000000000000e+00 1.000000000000000021e-03
9.502899999999999681e-01 1.000198305284292696e-02
9.005699999999999816e-01 1.880963438841422655e-02
8.507599999999999607e-01 2.752348746135188651e-02
8.008800000000000363e-01 3.590555234506229848e-02
7.509000000000000119e-01 4.379589950419958411e-02
7.008499999999999730e-01 5.103079676239201390e-02
6.507300000000000306e-01 5.743092220541162057e-02
6.005300000000000082e-01 6.289015809734992135e-02
5.502899999999999459e-01 6.720462726729177494e-02
5.000000000000000000e-01 7.018195312500000171e-02
4.496800000000000241e-01 7.153075185163858263e-02
3.993599999999999928e-01 7.138025839319561694e-02
3.490300000000000069e-01 6.983007687140438402e-02
2.987199999999999855e-01 6.702001893994465054e-02
2.484300000000000119e-01 6.290000360442798977e-02
1.981700000000000128e-01 5.731000047134747477e-02
1.479800000000000004e-01 5.006000003402728132e-02
9.787999999999999479e-02 4.067000000082460209e-02
7.288999999999999646e-02 3.487000000005807676e-02
4.796999999999999875e-02 2.800000000000134673e-02
2.317999999999999922e-02 1.935000000000000261e-02
1.089000000000000037e-02 1.371999999999999956e-02
6.069999999999999875e-03 1.060999999999999964e-02
3.720000000000000216e-03 8.609999999999999598e-03
0.000000000000000000e+00 0.000000000000000000e+00
6.279999999999999992e-03 -6.610000000000000424e-03
8.930000000000000437e-03 -7.810000000000000102e-03
1.410999999999999928e-02 -9.440000000000000474e-03
2.682000000000000009e-02 -1.191000000000000739e-02
5.202999999999999986e-02 -1.536000000000279503e-02
7.710999999999999799e-02 -1.791000000009638007e-02
1.021200000000000024e-01 -1.999000000120780551e-02
1.520199999999999885e-01 -2.314000004336172478e-02
2.018300000000000094e-01 -2.547000055573977670e-02
2.515700000000000158e-01 -2.710000403580010986e-02
3.012799999999999923e-01 -2.814002045185589468e-02
3.509700000000000042e-01 -2.863008080346066825e-02
4.006399999999999961e-01 -2.854026594312320322e-02
4.503199999999999981e-01 -2.773076153719652298e-02
5.000000000000000000e-01 -2.606195312499999875e-02
5.497100000000000319e-01 -2.340458355806277965e-02
5.994699999999999473e-01 -2.004999786081658811e-02
6.492700000000000138e-01 -1.623050350119847884e-02
6.991500000000000492e-01 -1.214991473570078279e-02
7.490999999999999881e-01 -7.994277653178519238e-03
7.991200000000000525e-01 -4.062894804035686175e-03
8.492399999999999949e-01 -5.997597631553087515e-04
8.994299999999999518e-01 1.874782221694798988e-03
9.497100000000000541e-01 2.641480004820332805e-03
1.000000000000000000e+00 -1.000000000000000021e-03
