1.000000000000000000e+00 1.000000000000000021e-03
9.498299999999999521e-01 1.813923510271157544e-02
8.997199999999999642e-01 2.940633706059646649e-02
7.995200000000000085e-01 4.917349468929749917e-02
6.993399999999999617e-01 6.759001246643062122e-02
5.991999999999999549e-01 8.157995740661797002e-02
4.990899999999999781e-01 9.259192136472926826e-02
3.990600000000000258e-01 9.601025665148647803e-02
2.990599999999999925e-01 9.543001913484554233e-02
1.991700000000000137e-01 8.445000049319119351e-02
1.492700000000000138e-01 7.436000003679194004e-02
9.940999999999999837e-02 6.047000000094814032e-02
7.449999999999999678e-02 5.143000000007069694e-02
4.959999999999999826e-02 4.049000000000181620e-02
2.474000000000000157e-02 2.634000000000000230e-02
1.233000000000000068e-02 1.731999999999999859e-02
0.000000000000000000e+00 0.000000000000000000e+00
1.267000000000000071e-02 -1.718000000000000083e-02
2.522999999999999896e-02 -2.335000000000000270e-02
5.029999999999999749e-02 -3.061000000000205917e-02
7.535000000000000031e-02 -3.556000000007829981e-02
1.003899999999999931e-01 -3.942000000103564744e-02
1.504099999999999882e-01 -4.163000003939947014e-02
2.004100000000000048e-01 -4.164000052152423692e-02
3.003500000000000059e-01 -3.616001989063859223e-02
4.002399999999999847e-01 -2.498026356297974523e-02
5.001700000000000035e-01 -1.750195910969707877e-02
6.001400000000000068e-01 -1.443009887892464198e-02
7.001199999999999646e-01 -1.188041590956035072e-02
8.000899999999999679e-01 -9.594353684618606506e-03
9.000799999999999912e-01 -8.867730535613665283e-03
9.500499999999999501e-01 -6.120548011776765288e-03
1.000000000000000000e+00 -1.000000000000000021e-03
