1.000000000000000000e+00 1.000000000000000021e-03
9.949999999999999956e-01 1.555889578357559731e-03
9.899999999999999911e-01 2.113517247483640872e-03
9.799999999999999822e-01 3.133747762130149883e-03
9.699999999999999734e-01 4.360231058654564715e-03
9.599999999999999645e-01 5.492533995824479265e-03
9.499999999999999556e-01 6.830249409724608450e-03
9.250000000000000444e-01 1.029576469343214742e-02
9.000000000000000222e-01 1.408742048900000002e-02
8.750000000000000000e-01 1.820065780133008765e-02
8.499999999999999778e-01 2.243161694628320255e-02
8.249999999999999556e-01 2.677704576264172687e-02
8.000000000000000444e-01 3.123421772799999871e-02
7.750000000000000222e-01 3.580085915436047317e-02
7.500000000000000000e-01 4.027508468627929994e-02
7.249999999999999778e-01 4.475534037008616767e-02
6.999999999999999556e-01 4.914035360699999661e-02
6.750000000000000444e-01 5.342908934587473763e-02
6.500000000000000222e-01 5.762071191283788668e-02
6.250000000000000000e-01 6.151455191522836596e-02
5.999999999999999778e-01 6.531007769600000179e-02
5.749999999999999556e-01 6.880687085213266219e-02
5.500000000000000444e-01 7.200460536658398469e-02
5.250000000000000222e-01 7.500302993792183626e-02
5.000000000000000000e-01 7.770195312500000062e-02
4.749999999999999778e-01 8.000123095587836908e-02
4.500000000000000111e-01 8.190075668064257519e-02
4.249999999999999889e-01 8.350045237684820820e-02
4.000000000000000222e-01 8.450026214399999902e-02
3.750000000000000000e-01 8.520014664977788865e-02
3.499999999999999778e-01 8.530007881563866912e-02
3.250000000000000111e-01 8.560004045295475927e-02
2.999999999999999889e-01 8.590001968299999791e-02
2.750000000000000222e-01 8.600000899485660266e-02
2.500000000000000000e-01 8.590000381469727053e-02
2.250000000000000056e-01 8.550000147789188487e-02
2.000000000000000111e-01 8.470000051199999547e-02
1.749999999999999889e-01 8.350000015393679864e-02
1.499999999999999944e-01 8.160000003844336547e-02
1.250000000000000000e-01 7.880000000745057687e-02
1.000000000000000056e-01 7.480000000100001101e-02
8.999999999999999667e-02 7.270000000038742693e-02
8.000000000000000167e-02 7.020000000013421060e-02
7.000000000000000666e-02 6.730000000004035532e-02
5.999999999999999778e-02 6.400000000001007661e-02
5.000000000000000278e-02 5.990000000000195168e-02
4.000000000000000083e-02 5.500000000000026396e-02
2.999999999999999889e-02 4.890000000000001984e-02
2.000000000000000042e-02 4.080000000000000293e-02
1.000000000000000021e-02 2.929999999999999966e-02
5.000000000000000104e-03 2.050000000000000086e-02
4.000000000000000083e-03 1.820000000000000090e-02
3.000000000000000062e-03 1.559999999999999928e-02
2.000000000000000042e-03 1.250000000000000069e-02
1.000000000000000021e-03 8.500000000000000611e-03
8.000000000000000383e-04 7.499999999999999722e-03
5.999999999999999474e-04 6.400000000000000307e-03
4.000000000000000192e-04 5.100000000000000366e-03
2.000000000000000096e-04 3.399999999999999811e-03
0.000000000000000000e+00 0.000000000000000000e+00
2.000000000000000096e-04 -1.100000000000000066e-03
4.000000000000000192e-04 -2.200000000000000133e-03
5.999999999999999474e-04 -3.099999999999999891e-03
8.000000000000000383e-04 -3.700000000000000164e-03
1.000000000000000021e-03 -4.199999999999999740e-03
2.000000000000000042e-03 -6.300000000000000044e-03
3.000000000000000062e-03 -7.900000000000000772e-03
4.000000000000000083e-03 -9.299999999999999239e-03
5.000000000000000104e-03 -1.039999999999999952e-02
1.000000000000000021e-02 -1.499999999999999944e-02
2.000000000000000042e-02 -2.110000000000000070e-02
2.999999999999999889e-02 -2.560000000000002204e-02
4.000000000000000083e-02 -2.940000000000026273e-02
5.000000000000000278e-02 -3.280000000000195259e-02
5.999999999999999778e-02 -3.570000000001007784e-02
7.000000000000000666e-02 -3.840000000004035324e-02
8.000000000000000167e-02 -4.080000000013422196e-02
8.999999999999999667e-02 -4.300000000038741582e-02
1.000000000000000056e-01 -4.500000000099999703e-02
1.250000000000000000e-01 -4.940000000745058129e-02
1.499999999999999944e-01 -5.310000003844336097e-02
1.749999999999999889e-01 -5.620000015393679382e-02
2.000000000000000111e-01 -5.880000051199999606e-02
2.250000000000000056e-01 -6.090000147789188106e-02
2.500000000000000000e-01 -6.250000381469726640e-02
2.750000000000000222e-01 -6.370000899485661616e-02
2.999999999999999889e-01 -6.450001968299999555e-02
3.250000000000000111e-01 -6.480004045295476023e-02
3.499999999999999778e-01 -6.470007881563866192e-02
3.750000000000000000e-01 -6.410014664977789489e-02
4.000000000000000222e-01 -6.320026214399999953e-02
4.249999999999999889e-01 -6.180045237684821113e-02
4.500000000000000111e-01 -6.010075668064258220e-02
4.749999999999999778e-01 -5.800123095587837035e-02
5.000000000000000000e-01 -5.560195312499999903e-02
5.250000000000000222e-01 -5.300302993792183059e-02
5.500000000000000444e-01 -5.010460536658398190e-02
5.749999999999999556e-01 -4.700687085213265531e-02
5.999999999999999778e-01 -4.381007769599999657e-02
6.250000000000000000e-01 -4.041455191522836526e-02
6.500000000000000222e-01 -3.682071191283788764e-02
6.750000000000000444e-01 -3.322908934587473495e-02
6.999999999999999556e-01 -2.954035360699999724e-02
7.249999999999999778e-01 -2.585534037008617100e-02
7.500000000000000000e-01 -2.217508468627929843e-02
7.750000000000000222e-01 -1.860085915436046969e-02
8.000000000000000444e-01 -1.513421772799999898e-02
8.249999999999999556e-01 -1.187704576264172682e-02
8.499999999999999778e-01 -8.831616946283203304e-03
8.750000000000000000e-01 -6.100657801330088871e-03
9.000000000000000222e-01 -3.687420489000000062e-03
9.250000000000000444e-01 -1.795764693432148115e-03
9.499999999999999556e-01 -5.302494097246090565e-04
9.599999999999999645e-01 -1.925339958244801086e-04
9.699999999999999734e-01 -6.023105865456514565e-05
9.799999999999999822e-01 -3.374776213014977523e-05
9.899999999999999911e-01 -3.135172474836409214e-04
9.949999999999999956e-01 -6.558895783575597552e-04
1.000000000000000000e+00 -1.000000000000000021e-03
