9.992699999999999916e-01 -2.380000000000000171e-03
9.976099999999999968e-01 -1.561305507059867212e-03
9.930600000000000538e-01 9.492461024149128658e-04
9.862600000000000255e-01 4.652922892098255818e-03
9.772999999999999465e-01 8.803300592955518034e-03
9.657099999999999573e-01 1.300050056677353773e-02
9.512899999999999689e-01 1.742799368946677807e-02
9.462699999999999445e-01 1.884832497253030245e-02
8.736399999999999721e-01 3.725647808148405127e-02
8.370400000000000063e-01 4.543170465021439952e-02
8.222399999999999709e-01 4.848178585590824652e-02
8.074000000000000066e-01 5.126581382604397663e-02
7.924999999999999822e-01 5.372330862017170305e-02
7.775400000000000089e-01 5.582387347533868810e-02
7.251400000000000068e-01 6.229543662215530214e-02
6.507399999999999851e-01 7.147092509926043780e-02
6.418099999999999916e-01 7.260847814265967981e-02
6.045599999999999863e-01 7.718078834143780875e-02
5.667699999999999960e-01 8.157603478342483061e-02
5.286499999999999533e-01 8.577322488423264057e-02
4.905100000000000016e-01 8.975164373117359984e-02
4.526399999999999868e-01 9.349079758388581518e-02
4.153700000000000170e-01 9.693036805789556620e-02
3.790200000000000236e-01 9.992016142066996454e-02
3.438499999999999890e-01 1.023200671925708766e-01
3.100499999999999923e-01 1.039600264780270317e-01
2.777600000000000069e-01 1.046900098407303470e-01
2.471500000000000086e-01 1.044700034406898931e-01
2.183599999999999985e-01 1.029800011286460676e-01
1.912500000000000033e-01 1.001100003423048140e-01
1.656900000000000039e-01 9.601000009411669867e-02
1.416600000000000081e-01 9.077000002297339054e-02
1.191799999999999943e-01 8.461000000485099926e-02
9.837999999999999523e-02 7.771000000086329684e-02
7.936999999999999611e-02 7.022000000012500187e-02
6.223000000000000059e-02 6.222000000001399328e-02
4.705000000000000154e-02 5.386000000000112919e-02
3.388000000000000039e-02 4.528000000000005631e-02
2.281000000000000041e-02 3.663000000000000284e-02
1.391000000000000049e-02 2.808000000000000079e-02
7.329999999999999710e-03 1.968999999999999917e-02
2.969999999999999984e-03 1.152000000000000073e-02
6.499999999999999702e-04 3.840000000000000097e-03
3.699999999999999947e-04 -2.870000000000000155e-03
2.710000000000000169e-03 -7.740000000000000352e-03
8.590000000000000413e-03 -1.116999999999999937e-02
1.808999999999999844e-02 -1.422000000000000000e-02
3.067999999999999894e-02 -1.687000000000002387e-02
4.619000000000000189e-02 -1.909000000000095690e-02
6.442000000000000504e-02 -2.087000000001910591e-02
8.523000000000000020e-02 -2.216000000023731972e-02
1.084100000000000064e-01 -2.290000000206834918e-02
1.337899999999999923e-01 -2.304000001373450110e-02
1.611599999999999977e-01 -2.248000007333568126e-02
1.902600000000000124e-01 -2.101000032668367407e-02
2.212399999999999922e-01 -1.813000126990972280e-02
2.545600000000000085e-01 -1.393000448860574197e-02
2.902500000000000080e-01 -8.940014620090322439e-03
3.281100000000000128e-01 -3.460044073262640973e-03
3.678799999999999848e-01 2.269876588508708010e-03
4.092899999999999872e-01 8.009677685232039282e-03
4.520199999999999774e-01 1.359921219477185951e-02
4.957400000000000140e-01 1.879819163679449789e-02
5.400599999999999845e-01 2.345609178804607814e-02
5.845900000000000540e-01 2.741202625324589900e-02
6.289500000000000091e-01 3.056459913573872367e-02
6.512599999999999500e-01 3.180892392943489300e-02
7.262800000000000367e-01 3.522377405491054769e-02
7.712799999999999656e-01 3.638341523473122979e-02
7.862999999999999989e-01 3.638510675887809964e-02
8.013099999999999667e-01 3.596379123248746174e-02
8.163099999999999801e-01 3.510904812115180074e-02
8.312800000000000189e-01 3.380044904085939550e-02
8.754800000000000360e-01 2.829785454680410622e-02
9.493800000000000017e-01 1.371344282711295902e-02
9.679400000000000226e-01 8.404176717730839352e-03
9.824399999999999800e-01 3.117382331899543578e-03
9.921100000000000474e-01 -1.071190301856604458e-03
9.975300000000000278e-01 -3.567988371263547051e-03
9.992499999999999716e-01 -4.380000000000000213e-03
