1.000000000000000000e+00 3.779999999999999940e-03
9.759299999999999642e-01 1.034000000000000023e-02
9.502199999999999536e-01 1.657000000000000139e-02
9.246299999999999519e-01 2.238000000000000059e-02
9.024400000000000199e-01 2.736999999999999850e-02
8.750400000000000400e-01 3.336999999999999689e-02
8.502300000000000413e-01 3.873999999999999666e-02
8.244599999999999707e-01 4.422000000000000236e-02
8.030199999999999561e-01 4.870000000000000023e-02
7.767399999999999860e-01 5.412000000000000144e-02
7.496599999999999930e-01 5.956000000000000183e-02
7.261699999999999822e-01 6.415999999999999481e-02
7.024000000000000243e-01 6.864000000000000656e-02
6.757499999999999618e-01 7.338999999999999690e-02
6.496100000000000207e-01 7.770000000000000517e-02
6.240799999999999681e-01 8.153000000000000524e-02
6.025000000000000355e-01 8.444999999999999729e-02
5.741399999999999837e-01 8.787999999999999978e-02
5.530599999999999961e-01 9.013000000000000178e-02
5.247800000000000242e-01 9.279999999999999361e-02
4.998299999999999965e-01 9.488000000000000600e-02
4.743200000000000194e-01 9.679999999999999716e-02
4.522800000000000153e-01 9.836000000000000298e-02
4.260700000000000043e-01 1.001200000000000007e-01
4.034400000000000208e-01 1.015699999999999936e-01
3.768500000000000183e-01 1.032000000000000001e-01
3.501699999999999813e-01 1.047099999999999975e-01
3.019499999999999962e-01 1.067799999999999999e-01
2.746199999999999752e-01 1.073400000000000049e-01
2.519100000000000228e-01 1.073100000000000026e-01
2.245800000000000018e-01 1.065099999999999936e-01
2.013600000000000112e-01 1.050299999999999984e-01
1.761300000000000088e-01 1.024199999999999972e-01
1.519500000000000017e-01 9.875000000000000444e-02
1.264200000000000046e-01 9.341000000000000691e-02
9.991999999999999493e-02 8.593000000000000638e-02
7.101999999999999980e-02 7.488000000000000211e-02
5.079999999999999793e-02 6.464000000000000301e-02
4.150000000000000216e-02 5.893999999999999934e-02
3.132999999999999674e-02 5.170000000000000290e-02
2.087999999999999926e-02 4.265999999999999653e-02
1.299999999999999940e-02 3.407999999999999918e-02
7.409999999999999920e-03 2.641999999999999904e-02
2.390000000000000197e-03 1.665000000000000160e-02
1.240000000000000000e-03 1.285999999999999990e-02
0.000000000000000000e+00 0.000000000000000000e+00
1.059999999999999961e-03 -7.280000000000000013e-03
2.480000000000000000e-03 -1.063000000000000056e-02
7.649999999999999682e-03 -1.683000000000000121e-02
1.337999999999999953e-02 -2.095999999999999946e-02
1.991000000000000061e-02 -2.441000000000000114e-02
3.182999999999999718e-02 -2.945000000000000048e-02
4.186999999999999750e-02 -3.293999999999999706e-02
5.109999999999999959e-02 -3.572999999999999787e-02
7.202999999999999681e-02 -4.100999999999999784e-02
1.008799999999999975e-01 -4.664999999999999702e-02
1.253100000000000047e-01 -5.040000000000000036e-02
1.515600000000000003e-01 -5.374000000000000304e-02
1.760299999999999920e-01 -5.632999999999999813e-02
2.015099999999999947e-01 -5.850999999999999951e-02
2.248699999999999866e-01 -6.015999999999999820e-02
2.522900000000000142e-01 -6.167000000000000259e-02
2.768599999999999950e-01 -6.259000000000000674e-02
3.018000000000000127e-01 -6.322999999999999454e-02
3.232999999999999763e-01 -6.354999999999999538e-02
3.523899999999999810e-01 -6.367000000000000437e-02
3.743099999999999761e-01 -6.353000000000000314e-02
4.000000000000000222e-01 -6.311999999999999555e-02
4.258000000000000118e-01 -6.242999999999999938e-02
4.514799999999999924e-01 -6.146000000000000074e-02
4.732100000000000195e-01 -6.042000000000000148e-02
5.014499999999999513e-01 -5.868999999999999911e-02
5.256100000000000216e-01 -5.680999999999999939e-02
5.521500000000000297e-01 -5.423999999999999655e-02
5.749499999999999611e-01 -5.154999999999999860e-02
6.008900000000000352e-01 -4.793000000000000038e-02
6.238899999999999446e-01 -4.431999999999999829e-02
6.506999999999999451e-01 -3.975999999999999673e-02
6.745799999999999574e-01 -3.552000000000000296e-02
6.991100000000000092e-01 -3.104000000000000162e-02
7.241900000000000004e-01 -2.631999999999999965e-02
7.496699999999999475e-01 -2.147999999999999909e-02
7.763400000000000301e-01 -1.651999999999999996e-02
8.012299999999999978e-01 -1.216000000000000067e-02
8.247999999999999776e-01 -8.410000000000000808e-03
8.502600000000000158e-01 -4.850000000000000144e-03
8.744399999999999951e-01 -1.949999999999999910e-03
9.000700000000000367e-01 3.200000000000000262e-04
9.241800000000000015e-01 1.469999999999999953e-03
9.502199999999999536e-01 1.600000000000000077e-03
9.758599999999999497e-01 1.299999999999999886e-04
1.000000000000000000e+00 -3.540000000000000178e-03
