1.000000000000000000e+00 1.000000000000000021e-03
9.503599999999999826e-01 1.787240215296701309e-02
9.006399999999999961e-01 3.153990704461924477e-02
8.011599999999999833e-01 5.700597946273617406e-02
7.016200000000000214e-01 7.992120193785029469e-02
6.020199999999999996e-01 1.000903871947584067e-01
5.023499999999999632e-01 1.169020373125447404e-01
4.025599999999999734e-01 1.292802776358696615e-01
3.026499999999999746e-01 1.354600213042428669e-01
2.526200000000000112e-01 1.353500041899571016e-01
2.025299999999999878e-01 1.323700005733294549e-01
1.500100000000000044e-01 1.252800000384664270e-01
9.422999999999999432e-02 1.104900000005857447e-01
6.600999999999999923e-02 9.844000000002380013e-02
3.853000000000000175e-02 8.172000000000018138e-02
1.331000000000000065e-02 5.763999999999999679e-02
2.769999999999999893e-03 4.016999999999999738e-02
0.000000000000000000e+00 0.000000000000000000e+00
2.222999999999999976e-02 -3.302999999999999686e-02
3.669000000000000039e-02 -4.432000000000011625e-02
6.146999999999999686e-02 -5.862000000001253014e-02
8.398999999999999522e-02 -6.860000000020798072e-02
1.057700000000000029e-01 -7.647000000165676825e-02
1.499900000000000122e-01 -8.852000003842029618e-02
1.974700000000000066e-01 -9.703000045657290962e-02
2.473799999999999888e-01 -1.022300034696148469e-01
2.973500000000000032e-01 -1.045400181723664251e-01
3.974400000000000155e-01 -1.027802474253352860e-01
4.976599999999999913e-01 -9.482187238268806329e-02
5.979799999999999560e-01 -8.242977642177400088e-02
6.983800000000000008e-01 -6.667952083784642325e-02
7.988399999999999945e-01 -4.816247631129300794e-02
8.993600000000000483e-01 -2.711494803895526245e-02
9.496400000000000396e-01 -1.566810318281045694e-02
1.000000000000000000e+00 -1.000000000000000021e-03
