1.000000000000000000e+00 1.000000000000000021e-03
9.966199999999999504e-01 1.329988051174023399e-03
9.866399999999999615e-01 2.505989278452542407e-03
9.704399999999999693e-01 4.833340319639525123e-03
9.485900000000000443e-01 8.491880412861457089e-03
9.216800000000000548e-01 1.346997815560546652e-02
8.903699999999999948e-01 1.964166946979279543e-02
8.552699999999999747e-01 2.673486637293958842e-02
8.169300000000000450e-01 3.444205543612780668e-02
7.758800000000000141e-01 4.240189456371531301e-02
7.325800000000000090e-01 5.028077087943932932e-02
6.874299999999999855e-01 5.773428122484591113e-02
6.408399999999999652e-01 6.451822831419415372e-02
5.931600000000000206e-01 7.038908964053319783e-02
5.447300000000000475e-01 7.523422310272043223e-02
4.959799999999999764e-01 7.903181625774127750e-02
4.474099999999999744e-01 8.173071837495102243e-02
3.994699999999999918e-01 8.324025903444982888e-02
3.525900000000000145e-01 8.353008422284699530e-02
3.071999999999999731e-01 8.260002436637380041e-02
2.637200000000000100e-01 8.047000617003466361e-02
2.225800000000000001e-01 7.719000134083470188e-02
1.841599999999999904e-01 7.278000024364514320e-02
1.487999999999999878e-01 6.727000003576237563e-02
1.167600000000000027e-01 6.075000000403316808e-02
8.827999999999999736e-02 5.334000000032565469e-02
6.357000000000000151e-02 4.520000000001694884e-02
4.277999999999999858e-02 3.651000000000047957e-02
2.600999999999999840e-02 2.751000000000000667e-02
1.333999999999999943e-02 1.847999999999999990e-02
4.760000000000000342e-03 9.820000000000000603e-03
3.200000000000000262e-04 2.210000000000000159e-03
1.110000000000000092e-03 -3.520000000000000125e-03
7.830000000000000154e-03 -7.939999999999999142e-03
2.010999999999999940e-02 -1.179000000000000013e-02
3.772999999999999965e-02 -1.487000000000015393e-02
6.053000000000000047e-02 -1.715000000001090652e-02
8.834000000000000186e-02 -1.862000000032765570e-02
1.209299999999999958e-01 -1.933000000553103739e-02
1.579899999999999916e-01 -1.936000006132906903e-02
1.991799999999999959e-01 -1.879000049341409545e-02
2.440599999999999992e-01 -1.774000307234132462e-02
2.921400000000000108e-01 -1.636001549955481624e-02
3.428399999999999781e-01 -1.475006543699958553e-02
3.955500000000000127e-01 -1.303023703501203501e-02
4.496200000000000196e-01 -1.127075094925630155e-02
5.043900000000000050e-01 -9.552112993734413957e-03
5.591899999999999649e-01 -7.905346069087113361e-03
6.133300000000000418e-01 -6.402281399872831145e-03
6.661700000000000399e-01 -5.055838401283195040e-03
7.170400000000000107e-01 -3.900106082684273463e-03
7.653100000000000458e-01 -2.940060943634246245e-03
8.104000000000000092e-01 -2.160763041787697875e-03
8.517599999999999616e-01 -1.575969118157872139e-03
8.888599999999999834e-01 -1.176338095757764862e-03
9.212200000000000388e-01 -8.878264899456237650e-04
9.485200000000000298e-01 -6.514675168421047878e-04
9.704700000000000548e-01 -5.335527257375031508e-04
9.866599999999999815e-01 -6.261509291070233192e-04
9.966300000000000159e-01 -8.600756496854802943e-04
1.000010000000000066e+00 -1.000000000000000021e-03
