1.000000000000000000e+00 1.000000000000000021e-03
9.499999999999999556e-01 1.153024940972460950e-02
9.000000000000000222e-01 2.208742048900000018e-02
8.000000000000000444e-01 4.173421772799999763e-02
6.999999999999999556e-01 5.934035360699999734e-02
5.999999999999999778e-01 7.501007769600000208e-02
5.000000000000000000e-01 8.850195312499999079e-02
4.000000000000000222e-01 9.910026214399998701e-02
2.999999999999999889e-01 1.062000196829999965e-01
2.500000000000000000e-01 1.078000038146972733e-01
2.000000000000000111e-01 1.071000005119999987e-01
1.499999999999999944e-01 1.036000000384433573e-01
1.250000000000000000e-01 9.980000000745058164e-02
1.000000000000000056e-01 9.410000000100000872e-02
7.499999999999999722e-02 8.610000000007507481e-02
5.000000000000000278e-02 7.410000000000195597e-02
4.000000000000000083e-02 6.800000000000026856e-02
2.999999999999999889e-02 6.080000000000002069e-02
2.000000000000000042e-02 5.220000000000000334e-02
1.000000000000000021e-02 4.120000000000000051e-02
0.000000000000000000e+00 0.000000000000000000e+00
1.000000000000000021e-02 -9.599999999999999159e-03
2.000000000000000042e-02 -1.299999999999999940e-02
2.999999999999999889e-02 -1.500000000000001853e-02
4.000000000000000083e-02 -1.660000000000026385e-02
5.000000000000000278e-02 -1.790000000000195254e-02
7.499999999999999722e-02 -2.020000000007508498e-02
1.000000000000000056e-01 -2.300000000099999831e-02
1.250000000000000000e-01 -2.650000000745058107e-02
1.499999999999999944e-01 -3.000000003844335850e-02
2.000000000000000111e-01 -3.650000051199999568e-02
2.500000000000000000e-01 -4.120000381469726691e-02
2.999999999999999889e-01 -4.410001968300000103e-02
4.000000000000000222e-01 -4.600026214399999952e-02
5.000000000000000000e-01 -4.400195312499999983e-02
5.999999999999999778e-01 -3.921007769599999665e-02
6.999999999999999556e-01 -3.204035360699999946e-02
8.000000000000000444e-01 -2.343421772800000080e-02
9.000000000000000222e-01 -1.338742048899999905e-02
9.499999999999999556e-01 -7.430249409724608289e-03
1.000000000000000000e+00 -1.000000000000000021e-03
