1.000000000000000000e+00 1.000000000000000021e-03
9.501100000000000101e-01 6.060906500229511912e-03
9.002099999999999547e-01 1.166823483178462337e-02
8.502999999999999448e-01 1.765235371022640457e-02
8.003500000000000059e-01 2.373474713609276254e-02
7.503600000000000270e-01 2.971540967560446292e-02
7.003500000000000281e-01 3.537053556183799435e-02
6.502999999999999892e-01 4.058079810594072273e-02
6.002199999999999758e-01 4.524011100121460432e-02
5.501200000000000534e-01 4.921461441774559881e-02
5.000000000000000000e-01 5.239195312500000146e-02
4.498599999999999821e-01 5.459075456457147812e-02
3.997100000000000097e-01 5.561026043846243466e-02
3.495599999999999818e-01 5.509007792836707884e-02
2.994100000000000095e-01 5.345001933733901922e-02
2.492699999999999916e-01 5.064000371560999775e-02
1.991499999999999937e-01 4.663000049274564768e-02
1.490499999999999881e-01 4.127000003630679204e-02
9.898999999999999466e-02 3.413000000091268721e-02
7.398000000000000409e-02 2.965000000006637673e-02
4.900999999999999801e-02 2.423000000000163218e-02
2.410999999999999949e-02 1.716000000000000511e-02
1.171999999999999952e-02 1.231999999999999935e-02
6.799999999999999621e-03 9.589999999999999566e-03
4.380000000000000213e-03 7.860000000000000667e-03
0.000000000000000000e+00 0.000000000000000000e+00
5.619999999999999996e-03 -6.859999999999999779e-03
8.200000000000000691e-03 -8.189999999999999364e-03
1.328000000000000014e-02 -1.107999999999999957e-02
2.588999999999999982e-02 -1.334000000000000463e-02
5.099000000000000060e-02 -1.791000000000233031e-02
7.602000000000000424e-02 -2.117000000008479113e-02
1.010100000000000026e-01 -2.379000000109465773e-02
1.509500000000000008e-01 -2.781000004069097281e-02
2.008500000000000008e-01 -3.071000053192025209e-02
2.507300000000000084e-01 -3.274000391612644223e-02
3.005900000000000238e-01 -3.401002003414237140e-02
3.504399999999999737e-01 -3.449007971187869476e-02
4.002899999999999792e-01 -3.419026385945841962e-02
4.501399999999999846e-01 -3.269075880198690082e-02
5.000000000000000000e-01 -3.033195312499999824e-02
5.498800000000000354e-01 -2.731459633120698199e-02
5.997799999999999798e-01 -2.382004448833754257e-02
6.497000000000000552e-01 -1.998062603739966109e-02
6.996499999999999941e-01 -1.593017237852756979e-02
7.496399999999999730e-01 -1.181476094251997754e-02
7.996499999999999719e-01 -7.813690169596539808e-03
8.497000000000000108e-01 -4.190882259680441153e-03
8.997899999999999787e-01 -1.326607664903982180e-03
9.498900000000000121e-01 2.604070723888124352e-04
1.000000000000000000e+00 -1.000000000000000021e-03
