1.000000000000000000e+00 1.000000000000000021e-03
9.939379999999999882e-01 1.154746379211464211e-03
9.861509999999999998e-01 1.277045066216072645e-03
9.766650000000000054e-01 1.474556961508905611e-03
9.655160000000000409e-01 1.816180885322718486e-03
9.527400000000000313e-01 2.333799375407855960e-03
9.383850000000000247e-01 3.057195363754077171e-03
9.224999999999999867e-01 4.017835102511116765e-03
9.051409999999999734e-01 5.240798982142685393e-03
8.863689999999999625e-01 6.753699973952106625e-03
8.662499999999999645e-01 8.576656087105546944e-03
8.448560000000000514e-01 1.072430282908115075e-02
8.222610000000000197e-01 1.321382534662123368e-02
7.985449999999999493e-01 1.605303666692520226e-02
7.737910000000000066e-01 1.924745189597468556e-02
7.480869999999999465e-01 2.280237852372360430e-02
7.215240000000000542e-01 2.671399770143117330e-02
6.941939999999999777e-01 3.097443929836844398e-02
6.661930000000000351e-01 3.557284643119714568e-02
6.376209999999999933e-01 4.049042061603803921e-02
6.085789999999999811e-01 4.570645124377971380e-02
5.791669999999999874e-01 5.118633219955744801e-02
5.494900000000000340e-01 5.688756707495323112e-02
5.196530000000000316e-01 6.277176325490517461e-02
4.897589999999999999e-01 6.878962121954008968e-02
4.599159999999999915e-01 7.487992067566975884e-02
4.302259999999999973e-01 8.095950497499604381e-02
4.007959999999999856e-01 8.683926687654527909e-02
3.717289999999999761e-01 9.209613553079645798e-02
3.431270000000000153e-01 9.627006593166430315e-02
3.150899999999999812e-01 9.902403061340110668e-02
2.877179999999999738e-01 1.003660135114915752e-01
2.611060000000000048e-01 1.004260056409423951e-01
2.353500000000000036e-01 9.931200221527590466e-02
2.105380000000000029e-01 9.714100081278267962e-02
1.867580000000000073e-01 9.403700027638402237e-02
1.640949999999999909e-01 9.012000008626967762e-02
1.426280000000000048e-01 8.549000002442547208e-02
1.224319999999999992e-01 8.025200000618094853e-02
1.035790000000000044e-01 7.450800000137229595e-02
8.613500000000000323e-02 6.834700000026099065e-02
7.016200000000000214e-02 6.189200000004120572e-02
5.571500000000000064e-02 5.526100000000517404e-02
4.284600000000000214e-02 4.853000000000048247e-02
3.159900000000000209e-02 4.177700000000003633e-02
2.201499999999999985e-02 3.507099999999999801e-02
1.412700000000000067e-02 2.844000000000000000e-02
7.962999999999999592e-03 2.167399999999999882e-02
3.543999999999999841e-03 1.462500000000000085e-02
8.869999999999999846e-04 7.505999999999999651e-03
0.000000000000000000e+00 0.000000000000000000e+00
8.869999999999999846e-04 -7.493999999999999793e-03
3.543999999999999841e-03 -1.428800000000000035e-02
7.962999999999999592e-03 -2.029900000000000107e-02
1.412700000000000067e-02 -2.495299999999999949e-02
2.201499999999999985e-02 -2.801800000000000124e-02
3.159900000000000209e-02 -2.994500000000003062e-02
4.284600000000000214e-02 -3.134800000000048659e-02
5.571500000000000064e-02 -3.243600000000517597e-02
7.016200000000000214e-02 -3.330300000004120242e-02
8.613500000000000323e-02 -3.400600000026098718e-02
1.035790000000000044e-01 -3.458100000137229180e-02
1.224319999999999992e-01 -3.505400000618093953e-02
1.426280000000000048e-01 -3.544700002442548181e-02
1.640949999999999909e-01 -3.577200008626967020e-02
1.867580000000000073e-01 -3.604000027638402243e-02
2.105380000000000029e-01 -3.625700081278267206e-02
2.353500000000000036e-01 -3.642600221527590720e-02
2.611060000000000048e-01 -3.654900564094239884e-02
2.877179999999999738e-01 -3.662501351149156925e-02
3.150899999999999812e-01 -3.665203061340110979e-02
3.431270000000000153e-01 -3.662706593166430852e-02
3.717289999999999761e-01 -3.654313553079645976e-02
4.007959999999999856e-01 -3.639726687654527837e-02
4.302259999999999973e-01 -3.618150497499603158e-02
4.599159999999999915e-01 -3.589092067566975602e-02
4.897589999999999999e-01 -3.551462121954008372e-02
5.196530000000000316e-01 -3.504776325490516903e-02
5.494900000000000340e-01 -3.448256707495322981e-02
5.791669999999999874e-01 -3.381033219955744545e-02
6.085789999999999811e-01 -3.302345124377971397e-02
6.376209999999999933e-01 -3.211442061603803771e-02
6.661930000000000351e-01 -3.107484643119714368e-02
6.941939999999999777e-01 -2.989143929836844335e-02
7.215240000000000542e-01 -2.855599770143117319e-02
7.480869999999999465e-01 -2.704637852372360554e-02
7.737910000000000066e-01 -2.533645189597468622e-02
7.985449999999999493e-01 -2.335403666692520072e-02
8.222610000000000197e-01 -2.090982534662123166e-02
8.448560000000000514e-01 -1.830730282908114848e-02
8.662499999999999645e-01 -1.571665608710554746e-02
8.863689999999999625e-01 -1.322969997395210748e-02
9.051409999999999734e-01 -1.091479898214268648e-02
9.224999999999999867e-01 -8.817835102511117212e-03
9.383850000000000247e-01 -6.969195363754077284e-03
9.527400000000000313e-01 -5.381799375407855454e-03
9.655160000000000409e-01 -4.061180885322718086e-03
9.766650000000000054e-01 -2.999556961508905491e-03
9.861509999999999998e-01 -2.182045066216072634e-03
9.939379999999999882e-01 -1.550746379211464295e-03
1.000000000000000000e+00 -1.000000000000000021e-03
