1.000000000000000000e+00 1.000000000000000021e-03
9.501300000000000301e-01 6.591026036633316001e-03
9.002599999999999492e-01 1.293842894703968634e-02
8.503500000000000503e-01 1.956247670654117851e-02
8.004000000000000004e-01 2.614482291714589554e-02
7.504100000000000215e-01 3.244545491175811203e-02
7.003899999999999570e-01 3.832055640304101590e-02
6.503299999999999637e-01 4.360080674276210072e-02
6.002399999999999958e-01 4.815011403380733968e-02
5.501300000000000079e-01 5.181461517272232392e-02
5.000000000000000000e-01 5.439195312500000323e-02
4.498599999999999821e-01 5.564075456457148044e-02
3.997100000000000097e-01 5.567026043846243222e-02
3.495599999999999818e-01 5.461007792836707758e-02
2.994200000000000195e-01 5.254001934315243733e-02
2.492900000000000116e-01 4.944000371829393448e-02
1.991799999999999959e-01 4.522000049341409755e-02
1.490900000000000003e-01 3.971000003639457709e-02
9.904000000000000303e-02 3.251000000091684022e-02
7.405000000000000471e-02 2.805000000006694499e-02
4.907999999999999863e-02 2.275000000000165085e-02
2.417000000000000051e-02 1.605000000000000177e-02
1.176999999999999921e-02 1.162000000000000012e-02
6.839999999999999726e-03 9.119999999999999635e-03
4.409999999999999858e-03 7.479999999999999670e-03
0.000000000000000000e+00 0.000000000000000000e+00
5.590000000000000351e-03 -6.479999999999999649e-03
8.160000000000000586e-03 -7.720000000000000299e-03
1.323000000000000044e-02 -9.480000000000000579e-03
2.582999999999999879e-02 -1.233000000000000589e-02
5.091999999999999998e-02 -1.643000000000230040e-02
7.595000000000000362e-02 -1.957000000008409304e-02
1.009599999999999942e-01 -2.217000000108979019e-02
1.509099999999999886e-01 -2.625000004059403064e-02
2.008199999999999985e-01 -2.930000053120562428e-02
2.507099999999999884e-01 -3.154000391331594072e-02
3.005800000000000138e-01 -3.310002002814472349e-02
3.504399999999999737e-01 -3.401007971187869350e-02
4.002899999999999792e-01 -3.425026385945842411e-02
4.501399999999999846e-01 -3.374075880198690314e-02
5.000000000000000000e-01 -3.233195312500000002e-02
5.498699999999999699e-01 -2.991459557897064095e-02
5.997599999999999598e-01 -2.673004147428778565e-02
6.496699999999999697e-01 -2.300061746728791073e-02
6.996099999999999541e-01 -1.888015171283837293e-02
7.495899999999999785e-01 -1.454471607638435464e-02
7.995999999999999774e-01 -1.022361495477532196e-02
8.496500000000000163e-01 -6.100760013516824155e-03
8.997399999999999842e-01 -2.596414358927664947e-03
9.498699999999999921e-01 -2.694736325527801748e-04
1.000000000000000000e+00 -1.000000000000000021e-03
