1.000000000000000000e+00 1.000000000000000021e-03
9.500100000000000211e-01 1.326030912007750140e-02
9.000200000000000422e-01 2.375749797998562979e-02
8.000300000000000189e-01 4.357426303327856937e-02
7.000399999999999956e-01 6.055037436502783837e-02
6.000499999999999723e-01 7.689008525679191797e-02
5.000599999999999490e-01 9.035195523538777640e-02
4.000699999999999812e-01 9.992026255716592031e-02
3.000700000000000034e-01 1.057900197243728940e-01
2.000699999999999978e-01 1.054600005136150515e-01
1.500700000000000089e-01 1.000900000386051175e-01
1.000599999999999962e-01 8.723000000100541995e-02
7.505000000000000560e-02 7.655000000007554373e-02
5.004000000000000115e-02 6.326000000000196744e-02
2.503000000000000017e-02 4.398000000000000520e-02
1.251999999999999988e-02 3.068999999999999853e-02
0.000000000000000000e+00 0.000000000000000000e+00
1.248999999999999937e-02 -1.900999999999999912e-02
2.497999999999999873e-02 -2.402000000000000315e-02
4.997999999999999665e-02 -2.873000000000194495e-02
7.498000000000000498e-02 -3.075000000007490492e-02
9.997999999999999943e-02 -3.207000000099820280e-02
1.499800000000000022e-01 -3.270000003839725056e-02
1.999799999999999911e-01 -3.084000051153938313e-02
2.999800000000000244e-01 -2.621001967119334849e-02
3.999900000000000122e-01 -1.988026208502349790e-02
4.999899999999999900e-01 -1.335195277346562515e-02
5.999999999999999778e-01 -6.130077695999999222e-03
6.999999999999999556e-01 1.469646393000000181e-03
8.000099999999999989e-01 7.005767171750602873e-03
9.000000000000000222e-01 5.682579510999999362e-03
9.499999999999999556e-01 1.999750590275390857e-03
1.000000000000000000e+00 -1.000000000000000021e-03
