1.000000000000000000e+00 5.999999999999999474e-04
9.501549999999999718e-01 4.589000000000000197e-03
9.002999999999999892e-01 8.380999999999999561e-03
8.005839999999999623e-01 1.546299999999999931e-02
7.008609999999999562e-01 2.184699999999999837e-02
6.011279999999999957e-01 2.753299999999999845e-02
5.013859999999999983e-01 3.242099999999999843e-02
4.016310000000000158e-01 3.611099999999999727e-02
3.018540000000000112e-01 3.820400000000000185e-02
2.519569999999999865e-01 3.840199999999999864e-02
2.020520000000000094e-01 3.800200000000000106e-02
1.521289999999999865e-01 3.610499999999999821e-02
1.021829999999999961e-01 3.231200000000000044e-02
7.718999999999999473e-02 2.871900000000000147e-02
5.218400000000000122e-02 2.402800000000000075e-02
2.715400000000000105e-02 1.734099999999999878e-02
1.462699999999999938e-02 1.299999999999999940e-02
9.606999999999999221e-03 1.056499999999999974e-02
4.585999999999999799e-03 7.929999999999999549e-03
2.063000000000000164e-03 5.564999999999999634e-03
0.000000000000000000e+00 0.000000000000000000e+00
1.935000000000000088e-03 -5.113000000000000357e-03
4.407000000000000327e-03 -7.039000000000000118e-03
9.374000000000000388e-03 -8.895000000000000129e-03
1.435099999999999917e-02 -1.005299999999999944e-02
2.680400000000000144e-02 -1.179900000000000046e-02
5.172700000000000214e-02 -1.409400000000000062e-02
7.665800000000000392e-02 -1.568999999999999909e-02
1.015960000000000057e-01 -1.668700000000000044e-02
1.514770000000000005e-01 -1.838199999999999903e-02
2.013600000000000112e-01 -1.977800000000000044e-02
2.512469999999999981e-01 -2.087400000000000019e-02
3.011389999999999900e-01 -2.157200000000000090e-02
4.009369999999999878e-01 -2.176900000000000016e-02
5.007530000000000037e-01 -2.046999999999999861e-02
6.005829999999999780e-01 -1.797199999999999839e-02
7.004230000000000178e-01 -1.467599999999999981e-02
8.002709999999999546e-01 -1.068299999999999979e-02
9.001280000000000392e-01 -5.989999999999999665e-03
9.500589999999999868e-01 -3.393999999999999882e-03
1.000000000000000000e+00 -5.999999999999999474e-04
