1.000000000000000444e+00 8.184543686328371809e-04
9.968087407004816436e-01 1.184543686328371809e-03
9.934984537096861468e-01 1.664310984337882696e-03
9.900610073986358950e-01 2.539284967225940992e-03
9.864878227833711044e-01 3.445156862482157741e-03
9.827699675835896986e-01 4.383743046922437998e-03
9.788974455724116508e-01 5.357068012594682661e-03
9.748592533659773407e-01 6.367339483593657812e-03
9.706438439482508729e-01 7.416821762335734994e-03
9.662383034204610199e-01 8.508029352156384201e-03
9.616292278045632802e-01 9.643495145364980661e-03
9.568018524645584000e-01 1.082597104805258816e-02
9.517407422485524293e-01 1.205824066477182224e-02
9.464293090898424632e-01 1.334321898608913093e-02
9.408504360244203113e-01 1.468378053347635381e-02
9.349860018953015661e-01 1.608285285367109033e-02
9.288180282281131017e-01 1.754312019182301813e-02
9.223279674417654839e-01 1.906717254693302346e-02
9.154982444365138416e-01 2.065712233334198247e-02
9.083123108774842080e-01 2.231458035612828711e-02
9.007552018194617816e-01 2.404051857211886301e-02
8.928148822415933328e-01 2.583496396182255461e-02
8.844830877978805406e-01 2.769682748511136453e-02
8.757559215212760151e-01 2.962380519676960020e-02
8.666346861099873955e-01 3.161224565984517565e-02
8.571264249220548193e-01 3.365710331501350211e-02
8.472440780234441471e-01 3.575199378833938263e-02
8.370062001696657594e-01 3.788935483477041954e-02
8.264362479013879215e-01 4.006070104453014757e-02
8.155615093300975227e-01 4.225694542399358045e-02
8.044118048312838276e-01 4.446875072643349108e-02
7.930181147243321460e-01 4.668687083322314163e-02
7.814112850535444021e-01 4.890244790679760395e-02
7.696209296006575329e-01 5.110724224149922057e-02
7.576745977599403936e-01 5.329378511024754350e-02
7.455972135019958147e-01 5.545545956560455486e-02
7.334107394200264363e-01 5.758652413286134697e-02
7.211342018338501303e-01 5.968206285124573462e-02
7.087838092401150814e-01 6.173791657975474800e-02
6.963731639764740855e-01 6.375059897365574491e-02
6.839135242650515867e-01 6.571720722761463518e-02
6.714140777021729845e-01 6.763533560317827598e-02
6.588822868614655492e-01 6.950298370903140732e-02
6.463241687786144274e-01 7.131848192556108912e-02
6.337445423395379196e-01 7.308042762881451770e-02
6.211472329660649994e-01 7.478763292872737944e-02
6.085352726748520791e-01 7.643907789477001613e-02
5.959110665620410696e-01 7.803387292091208682e-02
5.832765213017460093e-01 7.957122983875494771e-02
5.706331483811581951e-01 8.105043921229247716e-02
5.579821494191298248e-01 8.247085225119987761e-02
5.453244919784312472e-01 8.383186596026992454e-02
5.326609639081016923e-01 8.513291247328365341e-02
5.199922160269397908e-01 8.637345096473555972e-02
5.073187947360052741e-01 8.755296160852069076e-02
4.946411708408658958e-01 8.867094075786462193e-02
4.819597600957135630e-01 8.972689760457769337e-02
4.692749386636201336e-01 9.072035180527915355e-02
4.565870545315617313e-01 9.165083180539015939e-02
4.438964369757433803e-01 9.251787362129167136e-02
4.312034036577461205e-01 9.332102003975600857e-02
4.185082636815335433e-01 9.405982048379231408e-02
4.058113400832988327e-01 9.473382865008336817e-02
3.931128805890418132e-01 9.534260908140905488e-02
3.804128805651163514e-01 9.588575757184111814e-02
3.677201105144163318e-01 9.636036639236632284e-02
3.552245912421496676e-01 9.671482902872469145e-02
3.428366032860908907e-01 9.692744082835277886e-02
3.304463069697933242e-01 9.700268237830300677e-02
3.180575522406369759e-01 9.694007690871669913e-02
3.056717355730718122e-01 9.673930319789493526e-02
2.932901453359441080e-01 9.640014627347601173e-02
2.809141375383389372e-01 9.592243700577404719e-02
2.685450593874225134e-01 9.530607046476119448e-02
2.561842593774636967e-01 9.455100322523174450e-02
2.438330841694152373e-01 9.365725350524807535e-02
2.314928764399558359e-01 9.262490140135523631e-02
2.191649742264660528e-01 9.145409029415398072e-02
2.068507055853570642e-01 9.014501183663962969e-02
1.945513507650926122e-01 8.869797910439200517e-02
1.822688642851400531e-01 8.711327019219387846e-02
1.699976637039067040e-01 8.538986434431415640e-02
1.578158452508990339e-01 8.350297171632750648e-02
1.459720220259839996e-01 8.142840933003012149e-02
1.343583384557073268e-01 7.912026210055767006e-02
1.229735769307062215e-01 7.654852067448557340e-02
1.118238303418002816e-01 7.368823368180371647e-02
1.009187349825408364e-01 7.051805946987707574e-02
9.026967568859457780e-02 6.701993984556091355e-02
7.989083808970907918e-02 6.317915381640844263e-02
6.980009017929833526e-02 5.898433631514483216e-02
6.002102481754467006e-02 5.442795246228700201e-02
5.058572751782823562e-02 4.950708682484904199e-02
4.153984746463365574e-02 4.422573712481630420e-02
3.296680338953335981e-02 3.860912369152447177e-02
2.492470504825580052e-02 3.267333924304062498e-02
1.781917201661618183e-02 2.666465960820151027e-02
1.173917747554698021e-02 2.071526483632091589e-02
7.854139668784168235e-03 1.651352601205078111e-02
5.291380014092759987e-03 1.343347126959382014e-02
3.255699220523787085e-03 1.058511445205873730e-02
1.572086981888623242e-03 7.617274067525285977e-03
3.003435275201193910e-04 4.148844458258330210e-03
1.432268306700591630e-05 -1.199846013013919740e-04
2.097673984698760017e-03 -5.655852553401152435e-03
7.907450284968222526e-03 -1.201515482825188386e-02
1.572246733240697039e-02 -1.652128833129026808e-02
2.471282624496940611e-02 -1.956029074273344173e-02
3.454186582527415256e-02 -2.189994127846903865e-02
4.494870882308096144e-02 -2.346429810530709786e-02
5.580286779335530412e-02 -2.440770563974076213e-02
6.701173439247969099e-02 -2.479477529685261347e-02
7.851594026653799241e-02 -2.469766479084118532e-02
9.027550725708424761e-02 -2.417740994966345244e-02
1.022647859610483767e-01 -2.329186443762582340e-02
1.144685245292901277e-01 -2.209612606474814153e-02
1.268811958501716020e-01 -2.064370172913727181e-02
1.395017254251541550e-01 -1.898796532788528044e-02
1.522785078709252837e-01 -1.719086960211905699e-02
1.648234107604975296e-01 -1.536556831684888526e-02
1.773244096848609341e-01 -1.355379357415390125e-02
1.898366772654051238e-01 -1.181602381687688746e-02
2.023577050071015959e-01 -1.016139842030807337e-02
2.148870161189523065e-01 -8.590050851929549591e-03
2.274242043429617333e-01 -7.102611075918957746e-03
2.399687992410632909e-01 -5.699681962601900811e-03
2.525203270434328573e-01 -4.381842629991314700e-03
2.650783031957792968e-01 -3.149666083863600276e-03
2.776422326299355925e-01 -2.003713335344442167e-03
2.902116096399274259e-01 -9.445338625359591105e-04
3.027859197731817553e-01 2.733538614329941881e-05
3.153646441651404286e-01 9.113710879691633250e-04
3.279470790532285074e-01 1.707043115018976867e-03
3.405346157848263555e-01 2.414006718581732970e-03
3.531230634146630964e-01 3.031456859308243566e-03
3.659775425459181886e-01 3.568683892878196737e-03
3.788958707587885000e-01 4.033876285829870664e-03
3.918103873730603426e-01 4.478801094359654775e-03
4.047240728649890151e-01 4.907688785277895989e-03
4.176365280816129455e-01 5.320083997364875340e-03
4.305477466856905133e-01 5.715575188568642988e-03
4.434576928156806486e-01 6.093749132235037891e-03
4.563663149185960832e-01 6.454191840990579875e-03
4.692735429160114213e-01 6.796489607222061004e-03
4.821792811990252559e-01 7.120228738303769830e-03
4.950833999931852358e-01 7.424995595737450896e-03
5.079857226991768560e-01 7.710376616808611687e-03
5.208860100667584980e-01 7.975958403590232421e-03
5.337839405699691397e-01 8.221327916584798140e-03
5.466790843840680925e-01 8.446072781350316694e-03
5.595708665586609509e-01 8.649781729487174275e-03
5.724585221620386299e-01 8.832045354202903292e-03
5.853410428939597177e-01 8.992457293966573881e-03
5.982171078544845644e-01 9.130615905798425760e-03
6.110849887877258801e-01 9.246126580177220847e-03
6.239424367262318416e-01 9.338605103167628776e-03
6.367865550504641092e-01 9.407682384101945239e-03
6.496136394001859049e-01 9.453010740306425075e-03
6.624189706614850293e-01 9.474272233491802878e-03
6.751965704017115488e-01 9.471189750185913039e-03
6.879389592223127403e-01 9.443541301150288475e-03
7.006368691591653430e-01 9.391177834788285925e-03
7.132789193220787638e-01 9.314045184714580400e-03
7.258512411841947509e-01 9.212210810571891048e-03
7.383372276132458278e-01 9.085894074475334495e-03
7.507173070610607679e-01 8.935499466174235891e-03
7.629688215479788482e-01 8.761650940177246119e-03
7.750660273065214101e-01 8.565225135354582672e-03
7.869803133712087728e-01 8.347379323267860654e-03
7.986808372848469562e-01 8.109566053790441195e-03
8.101353909548043575e-01 7.853532278232610436e-03
8.213115476783596769e-01 7.581297965349186735e-03
8.321780202620939759e-01 7.295112155519698979e-03
8.427061058212578226e-01 6.997387732584754889e-03
8.528710572791504685e-01 6.690619936855747574e-03
8.626532158974209441e-01 6.377296851234127636e-03
8.720387685943201683e-01 6.059811799726941804e-03
8.810200518744348841e-01 5.740387274441637391e-03
8.895953947671857431e-01 5.421017796383885250e-03
8.977685571323541502e-01 5.103435755273013318e-03
9.055478656546327443e-01 4.789100625360795394e-03
9.129456371974961071e-01 4.479188988401716642e-03
9.199771831933145627e-01 4.174612514089452719e-03
9.266594743564811054e-01 3.876063315125650739e-03
9.330105980116650821e-01 3.584035446251185916e-03
9.390496217033024173e-01 3.298832406247466462e-03
9.447950337552607492e-01 3.020646174472785706e-03
9.502654900201715771e-01 2.749531700843070147e-03
9.554785882277592179e-01 2.485476847851636039e-03
9.604514042142971997e-01 2.228387727313050574e-03
9.651998041373288650e-01 1.978134926507846454e-03
9.697389799685417477e-01 1.734536796063704820e-03
9.740827133747234079e-01 1.497408764442401943e-03
9.782442830040020132e-01 1.266523996325982955e-03
9.822355467032949372e-01 1.041672041860720183e-03
9.860678034615787402e-01 8.226190509847636310e-04
9.897513506866435495e-01 6.091391940701706021e-04
9.932954133861547907e-01 4.010256769058792798e-04
9.967088380439319550e-01 1.980557738518212870e-04
1.000000000000000000e+00 1.980557738518212870e-04
