1.000000000000000000e+00 1.000000000000000021e-03
9.500999999999999446e-01 5.930846739575953465e-03
9.002099999999999547e-01 1.250823483178462384e-02
8.502999999999999448e-01 1.784235371022640376e-02
8.003599999999999604e-01 2.427476228927370056e-02
7.503800000000000470e-01 3.068542776717233730e-02
7.003599999999999826e-01 3.688054077124605645e-02
6.503200000000000092e-01 4.266080386346747522e-02
6.002399999999999958e-01 4.787011403380733721e-02
5.501300000000000079e-01 5.235461517272232274e-02
5.000000000000000000e-01 5.599195312500000049e-02
4.498500000000000276e-01 5.861075441362502414e-02
3.996799999999999797e-01 6.009026026259173259e-02
3.495099999999999874e-01 6.030007782810472422e-02
2.993299999999999850e-01 5.910001929088762318e-02
2.491700000000000026e-01 5.647000370221613719e-02
1.990200000000000025e-01 5.240000048985832964e-02
1.489000000000000046e-01 4.665000003597925826e-02
9.882000000000000506e-02 3.877000000089867587e-02
7.381999999999999673e-02 3.372000000006510068e-02
4.886000000000000065e-02 2.753000000000158445e-02
2.398000000000000131e-02 1.939000000000000445e-02
1.162000000000000012e-02 1.379000000000000017e-02
6.689999999999999766e-03 1.106999999999999998e-02
4.300000000000000003e-03 8.760000000000000425e-03
0.000000000000000000e+00 0.000000000000000000e+00
5.700000000000000205e-03 -7.760000000000000404e-03
8.309999999999999679e-03 -9.669999999999999776e-03
1.337999999999999953e-02 -1.165000000000000063e-02
2.602000000000000146e-02 -1.567000000000000684e-02
5.113999999999999796e-02 -2.121000000000239361e-02
7.617999999999999772e-02 -2.524000000008640859e-02
1.011800000000000060e-01 -2.843000000111135447e-02
1.511000000000000121e-01 -3.319000004105632923e-02
2.009799999999999920e-01 -3.648000053502684775e-02
2.508299999999999974e-01 -3.857000393020590390e-02
3.006699999999999928e-01 -3.966002008218105779e-02
3.504900000000000237e-01 -3.970007981429515137e-02
4.003200000000000092e-01 -3.867026403748789060e-02
4.501499999999999946e-01 -3.671075895371358339e-02
5.000000000000000000e-01 -3.393195312500000421e-02
5.498699999999999699e-01 -3.045459557897064323e-02
5.897599999999999509e-01 -2.644863133199986185e-02
6.496800000000000352e-01 -2.206062032364006914e-02
6.996400000000000396e-01 -1.744016721121909724e-02
7.496199999999999530e-01 -1.278474299319277627e-02
7.996400000000000174e-01 -8.353675123622160761e-03
8.497000000000000108e-01 -4.380882259680441218e-03
8.997899999999999787e-01 -1.256607664903982430e-03
9.498999999999999666e-01 5.703474173238622276e-04
1.000000000000000000e+00 -1.000000000000000021e-03
