1.000000000000000000e+00 1.000000000000000021e-03
9.981050000000000200e-01 1.639073706902393832e-03
9.927350000000000341e-01 3.648483226906925649e-03
9.843870000000000120e-01 6.939946242280504475e-03
9.734340000000000215e-01 1.124979928820702378e-02
9.600710000000000077e-01 1.621599510015866996e-02
9.442880000000000162e-01 2.151295313376463958e-02
9.259659999999999558e-01 2.704744385784618385e-02
9.051609999999999934e-01 3.288288008586557482e-02
8.820719999999999672e-01 3.900624835739111007e-02
8.568839999999999790e-01 4.534805674200348413e-02
8.297940000000000316e-01 5.183452309460408192e-02
8.010080000000000533e-01 5.837574745065735732e-02
7.707410000000000094e-01 6.487297898641365690e-02
7.392149999999999554e-01 7.120390781868156382e-02
7.066630000000000411e-01 7.721694517265469127e-02
6.731949999999999878e-01 8.271239670404913202e-02
6.388920000000000154e-01 8.762373564758751954e-02
6.039619999999999989e-01 9.191369267905231955e-02
5.685369999999999591e-01 9.551120624051044616e-02
5.327610000000000401e-01 9.841845773597802938e-02
4.968469999999999831e-01 1.005938450326110817e-01
4.609550000000000036e-01 1.020109395648722828e-01
4.252759999999999874e-01 1.026904550277364658e-01
3.899949999999999806e-01 1.025992087042783413e-01
3.552719999999999767e-01 1.017520901672506750e-01
3.213059999999999805e-01 1.001740364980380771e-01
2.882689999999999975e-01 9.788001374616250860e-02
2.563300000000000023e-01 9.490500477743665786e-02
2.256710000000000105e-01 9.127400151803498340e-02
1.964470000000000105e-01 8.702100043572111310e-02
1.688169999999999948e-01 8.219900011136418994e-02
1.429259999999999975e-01 7.683900002488863734e-02
1.188950000000000007e-01 7.099500000474757988e-02
9.686599999999999377e-02 6.473000000075082583e-02
7.693600000000000438e-02 5.809400000009444509e-02
5.919800000000000062e-02 5.117000000000893056e-02
4.375699999999999729e-02 4.398100000000058907e-02
3.062199999999999991e-02 3.659000000000001834e-02
1.982799999999999840e-02 2.915900000000000089e-02
1.141600000000000080e-02 2.170599999999999960e-02
5.276999999999999573e-03 1.435499999999999970e-02
1.495999999999999934e-03 7.409999999999999920e-03
2.400000000000000061e-05 9.420000000000000205e-04
5.879999999999999810e-04 -4.676999999999999734e-03
3.930000000000000333e-03 -8.595000000000000209e-03
1.077200000000000032e-02 -1.119500000000000009e-02
2.086800000000000113e-02 -1.316400000000000035e-02
3.408599999999999824e-02 -1.430200000000006293e-02
5.050400000000000028e-02 -1.459800000000213704e-02
7.014499999999999902e-02 -1.421500000004111315e-02
9.291499999999999759e-02 -1.329300000051614541e-02
1.186370000000000063e-01 -1.197000000465566101e-02
1.471169999999999978e-01 -1.034300003228239354e-02
1.781469999999999998e-01 -8.477000180720166422e-03
2.114979999999999916e-01 -6.446000846752298827e-03
2.469270000000000076e-01 -4.303003412850154794e-03
2.841719999999999802e-01 -2.104012084579820734e-03
3.229600000000000248e-01 1.139617757803855307e-04
3.630079999999999973e-01 2.318890542439320124e-03
4.040139999999999842e-01 4.497713207538199705e-03
4.457050000000000178e-01 6.688305891192814281e-03
4.878489999999999771e-01 8.931434803846532988e-03
5.302900000000000391e-01 1.116368395101800109e-02
5.728619999999999823e-01 1.326335568621970530e-02
6.152520000000000211e-01 1.502436784903428933e-02
6.570409999999999862e-01 1.632817912788549555e-02
6.978490000000000526e-01 1.717274878139642830e-02
7.373469999999999747e-01 1.753957606344275569e-02
7.752010000000000289e-01 1.741290517647003586e-02
8.110849999999999449e-01 1.679308616491759221e-02
8.446780000000000399e-01 1.569711265852989993e-02
8.756709999999999772e-01 1.416426076794432762e-02
9.037730000000000485e-01 1.225171460597151984e-02
9.287119999999999820e-01 1.004403977046316662e-02
9.502410000000000023e-01 7.644310170330655477e-03
9.681410000000000293e-01 5.160781677188992951e-03
9.821459999999999635e-01 2.762675935301993433e-03
9.920879999999999699e-01 7.689955236330293714e-04
9.980259999999999687e-01 -5.293736361141950387e-04
9.999989999999999712e-01 -1.000000000000000021e-03
