1.000000000000000000e+00 1.000000000000000021e-03
9.962600000000000344e-01 1.536839183815886471e-03
9.853899999999999881e-01 3.465937976370401293e-03
9.681999999999999496e-01 7.187628252421440246e-03
9.455900000000000416e-01 1.262440192165814948e-02
9.182299999999999907e-01 1.936404842140530477e-02
8.864900000000000002e-01 2.702811510145276819e-02
8.506399999999999517e-01 3.550319122712319864e-02
8.112599999999999811e-01 4.488220908266959963e-02
7.692099999999999493e-01 5.500427668304529172e-02
7.253199999999999648e-01 6.554556059345782726e-02
6.804799999999999738e-01 7.592128515336696304e-02
6.352999999999999758e-01 8.527685814162498656e-02
5.899100000000000454e-01 9.277865110980754171e-02
5.441399999999999570e-01 9.799418211403350398e-02
4.978500000000000147e-01 1.008918788261802812e-01
4.510899999999999910e-01 1.017407733370115780e-01
4.042499999999999982e-01 1.009202883037273318e-01
3.578600000000000114e-01 9.864009625391843838e-02
3.124500000000000055e-01 9.505002838080835181e-02
2.685199999999999809e-01 9.026000725754516896e-02
2.265600000000000114e-01 8.441000157271172366e-02
1.870199999999999918e-01 7.761000027989327366e-02
1.503400000000000014e-01 7.001000003923475712e-02
1.169300000000000062e-01 6.173000000408632865e-02
8.713999999999999524e-02 5.294000000028970671e-02
6.130000000000000032e-02 4.377000000001222274e-02
3.971000000000000224e-02 3.441000000000024595e-02
2.258999999999999897e-02 2.503999999999999976e-02
1.017000000000000022e-02 1.586999999999999869e-02
2.609999999999999907e-03 7.130000000000000053e-03
0.000000000000000000e+00 0.000000000000000000e+00
2.000000000000000164e-05 -5.699999999999999772e-04
3.550000000000000204e-03 -7.470000000000000077e-03
1.332000000000000024e-02 -1.450000000000000074e-02
2.820999999999999897e-02 -2.162000000000001074e-02
4.796999999999999875e-02 -2.848000000000134452e-02
7.237000000000000377e-02 -3.492000000005445609e-02
1.011699999999999960e-01 -4.077000000111036249e-02
1.340600000000000125e-01 -4.595000001398597683e-02
1.707100000000000006e-01 -5.036000012312058516e-02
2.107499999999999929e-01 -5.394000082017825354e-02
2.537499999999999756e-01 -5.664000436168661889e-02
2.992600000000000260e-01 -5.843001925032404592e-02
3.467700000000000227e-01 -5.927007250595315441e-02
3.957800000000000207e-01 -5.914023827835736269e-02
4.457200000000000051e-01 -5.801069431907474733e-02
4.960399999999999809e-01 -5.580181823615553566e-02
5.461700000000000443e-01 -5.237432464610455862e-02
5.957299999999999818e-01 -4.745945029224780953e-02
6.447599999999999998e-01 -4.085925674056958834e-02
6.935499999999999998e-01 -3.308712786571152420e-02
7.417599999999999749e-01 -2.514797836104078546e-02
7.884799999999999587e-01 -1.782779209236447920e-02
8.327700000000000102e-01 -1.157263076282464415e-02
8.736399999999999721e-01 -6.676478081484052592e-03
9.101299999999999946e-01 -3.258480310089323807e-03
9.413399999999999546e-01 -1.240388261986715129e-03
9.664899999999999602e-01 -4.158279560178351699e-04
9.849299999999999722e-01 -4.022646905481136958e-04
9.961999999999999744e-01 -7.763152569251294700e-04
1.000000000000000000e+00 -1.000000000000000021e-03
