1.000000000000000000e+00 1.000000000000000021e-03
9.501800000000000246e-01 7.531324965724135040e-03
9.003400000000000292e-01 1.515873971089854583e-02
8.504399999999999737e-01 2.306269824575720578e-02
8.004999999999999893e-01 3.071497459291189225e-02
7.504999999999999449e-01 3.779553639762259221e-02
7.004599999999999715e-01 4.404059289806638855e-02
6.503799999999999581e-01 4.914082114454924183e-02
6.002699999999999703e-01 5.276011858421239542e-02
5.501399999999999624e-01 5.476461592780884624e-02
5.000000000000000000e-01 5.578195312500000558e-02
4.498599999999999821e-01 5.594075456457147516e-02
3.997100000000000097e-01 5.528026043846243770e-02
3.495699999999999918e-01 5.378007794843332051e-02
2.994399999999999840e-01 5.145001935478391714e-02
2.493100000000000038e-01 4.821000372097959674e-02
1.992099999999999982e-01 4.396000049408334970e-02
1.491200000000000025e-01 3.850000003646053548e-02
9.908000000000000140e-02 3.141000000092018102e-02
7.409000000000000308e-02 2.705000000006727370e-02
4.911999999999999700e-02 2.194000000000166650e-02
2.419999999999999929e-02 1.552000000000000428e-02
1.179000000000000013e-02 1.135000000000000071e-02
6.859999999999999779e-03 8.920000000000000845e-03
4.420000000000000318e-03 7.349999999999999763e-03
0.000000000000000000e+00 0.000000000000000000e+00
5.579999999999999891e-03 -6.349999999999999742e-03
8.139999999999999666e-03 -7.519999999999999775e-03
1.320999999999999952e-02 -9.209999999999999437e-03
2.580000000000000002e-02 -1.180000000000000493e-02
5.088000000000000161e-02 -1.562000000000228483e-02
7.591000000000000525e-02 -1.857000000008369317e-02
1.009199999999999958e-01 -2.107000000108591106e-02
1.508799999999999863e-01 -2.504000004052145748e-02
2.007899999999999963e-01 -2.804000053049185079e-02
2.506900000000000239e-01 -3.031000391050723067e-02
3.005599999999999938e-01 -3.201002001615421699e-02
3.504300000000000193e-01 -3.318007969140943092e-02
4.002899999999999792e-01 -3.386026385945842265e-02
4.501399999999999846e-01 -3.404075880198690479e-02
5.000000000000000000e-01 -3.372195312500000236e-02
5.498600000000000154e-01 -3.286459482684373629e-02
5.997299999999999853e-01 -3.134003695472051265e-02
6.496199999999999752e-01 -2.854060319080197611e-02
6.995400000000000507e-01 -2.460011557061973775e-02
7.495000000000000551e-01 -1.989463537764969703e-02
7.997999999999999554e-01 -1.479391603992579254e-02
8.495599999999999818e-01 -9.600540115401540175e-03
8.996499999999999497e-01 -4.816066624664960306e-03
9.498199999999999976e-01 -1.209175482806532868e-03
1.000000000000000000e+00 -1.000000000000000021e-03
