1.000000000000000000e+00 1.000000000000000021e-03
9.991700000000000026e-01 1.082554752429639973e-03
9.967000000000000304e-01 1.380689036185402596e-03
9.926399999999999668e-01 1.925676982806152080e-03
9.870499999999999829e-01 2.749308361364544411e-03
9.799900000000000277e-01 3.863671196583295595e-03
9.715300000000000047e-01 5.261091546563049018e-03
9.617299999999999738e-01 6.933847337192299183e-03
9.506499999999999950e-01 8.854141057932807257e-03
9.383299999999999974e-01 1.101389781931454842e-02
9.248300000000000409e-01 1.337494527439937221e-02
9.101599999999999691e-01 1.595860744021194641e-02
8.943999999999999728e-01 1.875625715271960273e-02
8.776500000000000412e-01 2.174895285618091284e-02
8.599799999999999667e-01 2.490727356309467219e-02
8.414599999999999858e-01 2.818149557434104432e-02
8.221199999999999619e-01 3.151156034941995226e-02
8.019899999999999807e-01 3.490725259932013491e-02
7.811700000000000310e-01 3.833832033809381895e-02
7.597199999999999509e-01 4.176431057207097980e-02
7.376800000000000024e-01 4.515468626582350847e-02
7.150800000000000489e-01 4.848888680819705976e-02
6.920100000000000140e-01 5.176639245327602223e-02
6.685400000000000231e-01 5.493667758874216239e-02
6.447100000000000053e-01 5.798924330480162426e-02
6.205899999999999750e-01 6.090365346743829150e-02
5.962300000000000377e-01 6.366952191759066293e-02
5.717299999999999605e-01 6.624652707843017851e-02
5.471200000000000507e-01 6.861439281907476262e-02
5.224400000000000155e-01 7.075289953120514341e-02
4.977599999999999802e-01 7.268187577154694434e-02
4.731699999999999795e-01 7.436118892597280705e-02
4.486899999999999777e-01 7.577073708489998061e-02
4.243799999999999795e-01 7.691044647194697492e-02
4.002999999999999892e-01 7.779026391878970936e-02
3.765299999999999758e-01 7.839015212348239559e-02
3.531000000000000250e-01 7.870008532562106085e-02
3.300699999999999745e-01 7.872004650016335703e-02
3.074999999999999956e-01 7.845002458136984824e-02
2.854499999999999815e-01 7.788001258260103532e-02
2.639699999999999824e-01 7.699000622287606455e-02
2.430599999999999983e-01 7.580000296088433565e-02
2.227999999999999980e-01 7.432000135280959763e-02
2.032499999999999862e-01 7.255000059193632278e-02
1.844200000000000006e-01 7.047000024675852126e-02
1.663399999999999879e-01 6.810000009749228589e-02
1.490499999999999881e-01 6.548000003630678745e-02
1.326199999999999879e-01 6.261000001269056980e-02
1.170500000000000013e-01 5.947000000412423076e-02
1.023600000000000065e-01 5.611000000123359671e-02
8.858000000000000596e-02 5.255000000033575175e-02
7.578000000000000014e-02 4.880000000008241634e-02
6.393999999999999684e-02 4.485000000001786169e-02
5.306000000000000300e-02 4.075000000000333217e-02
4.315999999999999698e-02 3.654000000000052345e-02
3.429000000000000103e-02 3.225000000000006334e-02
2.645000000000000129e-02 2.788000000000000547e-02
1.958999999999999977e-02 2.347000000000000128e-02
1.375000000000000007e-02 1.910999999999999852e-02
8.959999999999999215e-03 1.482999999999999943e-02
5.219999999999999814e-03 1.065999999999999934e-02
2.469999999999999973e-03 6.649999999999999661e-03
7.200000000000000453e-04 2.939999999999999905e-03
1.000000000000000082e-05 -2.999999999999999737e-04
6.599999999999999964e-04 -2.809999999999999998e-03
2.980000000000000010e-03 -4.850000000000000144e-03
6.839999999999999726e-03 -6.810000000000000081e-03
1.210999999999999924e-02 -8.630000000000000518e-03
1.873999999999999971e-02 -1.027999999999999921e-02
2.670000000000000151e-02 -1.173000000000000778e-02
3.597999999999999809e-02 -1.299000000000010042e-02
4.657000000000000028e-02 -1.403000000000103123e-02
5.843999999999999889e-02 -1.487000000000794978e-02
7.158000000000000473e-02 -1.551000000004933155e-02
8.594999999999999862e-02 -1.595000000025598164e-02
1.015299999999999953e-01 -1.620000000114643277e-02
1.182900000000000063e-01 -1.627000000453452874e-02
1.361799999999999955e-01 -1.617000001610719578e-02
1.551599999999999924e-01 -1.592000005212162311e-02
1.751900000000000124e-01 -1.552000015544752719e-02
1.962099999999999955e-01 -1.500000043101287067e-02
2.181700000000000028e-01 -1.437000111983821778e-02
2.410100000000000020e-01 -1.365000274356696283e-02
2.646600000000000064e-01 -1.285000637081176560e-02
2.890599999999999836e-01 -1.199001408938332909e-02
3.141300000000000203e-01 -1.109002978411696878e-02
3.397999999999999909e-01 -1.016006039630516257e-02
3.659800000000000275e-01 -9.220117792102930018e-03
3.926000000000000045e-01 -8.280221591275520668e-03
4.195699999999999985e-01 -7.340402939506544822e-03
4.468099999999999850e-01 -6.430709750913222826e-03
4.742399999999999949e-01 -5.531213343136101232e-03
5.017599999999999838e-01 -4.682015878393370502e-03
5.293099999999999472e-01 -3.853261301054419861e-03
5.567800000000000527e-01 -3.085142243524782290e-03
5.840899999999999981e-01 -2.357912576795656145e-03
6.111699999999999910e-01 -1.691897569600959864e-03
6.379299999999999971e-01 -1.077496743943662585e-03
6.642700000000000271e-01 -5.251826687056608458e-04
6.901300000000000212e-01 -3.551224756891929165e-05
7.154300000000000104e-01 3.808974183478101112e-04
7.400700000000000056e-01 7.434029185166974836e-04
7.639899999999999469e-01 1.041327476820981448e-03
7.871099999999999763e-01 1.284037152742065549e-03
8.093700000000000339e-01 1.470952764347686469e-03
8.306999999999999940e-01 1.591636004395084562e-03
8.510400000000000187e-01 1.655820024198194568e-03
8.703199999999999825e-01 1.653509204236628749e-03
8.884600000000000275e-01 1.585062096798963739e-03
9.054200000000000026e-01 1.471068325072424996e-03
9.211200000000000498e-01 1.322640127323078223e-03
9.355400000000000382e-01 1.141014026339740809e-03
9.486299999999999732e-01 9.378835370916485323e-04
9.603500000000000369e-01 7.051903102976974378e-04
9.706500000000000128e-01 4.351717340389128080e-04
9.794800000000000173e-01 1.402253685887669367e-04
9.867799999999999905e-01 -1.671213836984956121e-04
9.925300000000000233e-01 -4.647442078663973340e-04
9.966699999999999449e-01 -7.304261140548394147e-04
9.991600000000000481e-01 -9.224653518755435936e-04
1.000000000000000000e+00 -1.000000000000000021e-03
