1.000000000000000000e+00 1.000000000000000021e-03
9.501600000000000046e-01 7.271205378986300011e-03
9.003400000000000292e-01 1.539873971089854646e-02
8.504899999999999682e-01 2.482282140416915833e-02
8.005900000000000238e-01 3.499511123076407687e-02
7.506399999999999739e-01 4.551566330889404710e-02
7.006200000000000205e-01 5.598067642490595075e-02
6.505499999999999616e-01 6.599087017692824297e-02
6.004199999999999537e-01 7.527014136354601148e-02
5.502299999999999969e-01 8.351462272853069080e-02
5.000000000000000000e-01 9.045195312499999807e-02
4.497300000000000186e-01 9.577075260435996551e-02
3.994300000000000073e-01 9.916025880110300450e-02
3.491099999999999759e-01 1.003000770301247790e-01
2.988000000000000100e-01 9.884001898564422073e-02
2.484999999999999987e-01 9.949000361357886180e-02
1.982200000000000073e-01 8.842000047241888039e-02
1.480100000000000027e-01 7.895000003408941813e-02
9.787999999999999479e-02 6.581000000082459778e-02
7.288000000000000034e-02 5.728000000005800674e-02
4.796000000000000263e-02 4.673000000000133991e-02
2.318999999999999881e-02 3.284999999999999726e-02
1.095999999999999926e-02 2.318999999999999881e-02
6.170000000000000137e-03 1.778000000000000067e-02
3.820000000000000045e-03 1.448999999999999941e-02
0.000000000000000000e+00 0.000000000000000000e+00
6.179999999999999730e-03 -1.349000000000000025e-02
8.829999999999999308e-03 -1.637999999999999873e-02
1.404000000000000040e-02 -2.104999999999999927e-02
2.681000000000000050e-02 -2.913000000000000658e-02
5.204000000000000292e-02 -4.041000000000279785e-02
7.711999999999999411e-02 -4.880000000009649536e-02
1.021200000000000024e-01 -5.547000000120780316e-02
1.519899999999999862e-01 -6.549000004328478508e-02
2.017799999999999871e-01 -7.250000055450192549e-02
2.515000000000000013e-01 -7.704000402570460038e-02
3.012000000000000233e-01 -7.940002040303185959e-02
3.508899999999999797e-01 -7.970008063784686514e-02
4.005699999999999816e-01 -7.774026552522403377e-02
4.502700000000000036e-01 -7.387076077653836892e-02
5.000000000000000000e-01 -6.839195312500000179e-02
5.497699999999999809e-01 -6.161458806262382071e-02
5.995800000000000018e-01 -5.385001438399570489e-02
6.494499999999999718e-01 -4.539055471645545015e-02
6.993800000000000017e-01 -3.654003306840378912e-02
7.493600000000000261e-01 -2.761451000027457733e-02
7.994099999999999540e-01 -1.907332948137993242e-02
8.495099999999999874e-01 -1.136041803028393568e-02
8.996600000000000152e-01 -5.056105248064201099e-03
9.498400000000000176e-01 -9.492947276383506636e-04
1.000000000000000000e+00 -1.000000000000000021e-03
