1.000000000000000000e+00 1.000000000000000021e-03
9.500999999999999446e-01 5.850846739575953255e-03
9.001900000000000457e-01 1.105815720983004125e-02
8.502699999999999703e-01 1.657227994020542619e-02
8.003099999999999659e-01 2.213468653851348791e-02
7.503199999999999870e-01 2.756537350403981054e-02
7.003099999999999881e-01 3.267051473015544077e-02
6.502700000000000147e-01 3.735078947230626584e-02
6.001999999999999558e-01 4.153010796943015087e-02
5.501099999999999879e-01 4.506461366287866505e-02
5.000000000000000000e-01 4.787195312500000521e-02
4.498800000000000021e-01 4.978075486654492954e-02
3.997399999999999842e-01 5.063026061443876708e-02
3.496099999999999763e-01 5.009007802874423237e-02
2.994800000000000240e-01 4.856001937806552621e-02
2.493499999999999883e-01 4.598000372635608485e-02
1.992400000000000004e-01 4.232000049475341530e-02
1.491500000000000048e-01 3.741000003652660694e-02
9.908999999999999753e-02 3.089000000092102100e-02
7.409999999999999920e-02 2.681000000006735287e-02
4.911999999999999700e-02 2.189000000000166507e-02
2.420999999999999888e-02 1.549000000000000377e-02
1.179999999999999973e-02 1.110000000000000049e-02
6.879999999999999831e-03 8.619999999999999191e-03
4.449999999999999963e-03 7.060000000000000303e-03
0.000000000000000000e+00 0.000000000000000000e+00
5.550000000000000246e-03 -6.060000000000000282e-03
8.120000000000000481e-03 -7.219999999999999855e-03
1.319999999999999993e-02 -8.959999999999999215e-03
2.579000000000000042e-02 -1.177000000000000442e-02
5.088000000000000161e-02 -1.557000000000228514e-02
7.589999999999999525e-02 -1.833000000008359193e-02
1.009099999999999997e-01 -2.055000000108494346e-02
1.508500000000000119e-01 -2.395000004044900432e-02
2.007599999999999940e-01 -2.640000052977893238e-02
2.506499999999999839e-01 -2.808000390489518230e-02
3.005200000000000093e-01 -2.912001999219234610e-02
3.503899999999999793e-01 -2.949007960957907015e-02
4.002600000000000047e-01 -2.921026368153566491e-02
4.501200000000000201e-01 -2.788075849861442607e-02
5.000000000000000000e-01 -2.581195312499999853e-02
5.498899999999999899e-01 -2.316459708355276745e-02
5.997999999999999998e-01 -2.011004750319144579e-02
6.497300000000000297e-01 -1.675063461067780729e-02
6.996900000000000341e-01 -1.323019305367082246e-02
7.496800000000000130e-01 -9.664796852669408841e-03
7.996900000000000119e-01 -6.213750368548686884e-03
8.497299999999999853e-01 -3.110955635006597535e-03
8.998099999999999987e-01 -7.166850113594552601e-04
9.498999999999999666e-01 4.703474173238623990e-04
1.000000000000000000e+00 -1.000000000000000021e-03
